layers	GCF_900698845_1	GCF_005080825_1	GCF_005082825_1	GCF_900698905_1	GCF_005083565_1	GCF_009068925_1	GCF_900698915_1	GCF_005081185_1	GCF_900698975_1	GCF_005081705_1	GCF_900699035_1	GCF_005080885_1	GCF_900698895_1	GCF_009069125_1	GCF_005082365_1	GCF_900698945_1	GCF_005080845_1	GCF_900560745_1	GCF_005083345_1	GCF_005080725_1	GCF_900698865_1	GCF_005083105_1	GCF_900699025_1	GCF_005081945_1	GCF_005080745_1	GCF_005080765_1
GCF_005080725_1	142812.0	187058.0	204374.0	158552.0	202395.0	193980.0	170972.0	201809.0	151089.0	196024.0	161277.0	203431.0	170815.0	210972.0	205425.0	163719.0	201170.0	144036.0	206902.0	428356.0	150600.0	209614.0	145138.0	201561.0	180598.0	146139.0
GCF_005080745_1	151437.0	191525.0	289510.0	161425.0	292767.0	269708.0	177669.0	268378.0	146480.0	278681.0	166411.0	277561.0	170898.0	280254.0	280418.0	163721.0	290781.0	147977.0	274528.0	175920.0	156020.0	283753.0	140506.0	288787.0	616452.0	178378.0
GCF_005080765_1	134025.0	176075.0	201446.0	148511.0	202019.0	185547.0	160946.0	189820.0	134458.0	199615.0	151292.0	199003.0	159720.0	199811.0	205453.0	154206.0	195425.0	143233.0	195333.0	150989.0	140973.0	204268.0	137697.0	196968.0	169321.0	548691.0
GCF_005080825_1	155089.0	534071.0	235733.0	160743.0	228776.0	222343.0	192965.0	217527.0	156318.0	218120.0	181809.0	229142.0	189143.0	240561.0	227919.0	171985.0	233139.0	154182.0	232872.0	169380.0	156185.0	245520.0	152189.0	224758.0	169886.0	185408.0
GCF_005080845_1	170430.0	239621.0	599189.0	171344.0	590807.0	582133.0	189831.0	572963.0	170829.0	586445.0	182961.0	534039.0	196693.0	603126.0	570212.0	183690.0	653824.0	169114.0	600934.0	202563.0	173071.0	603301.0	167115.0	596924.0	289548.0	212177.0
GCF_005080885_1	158230.0	231735.0	565266.0	166917.0	578144.0	502566.0	196223.0	540486.0	162813.0	561345.0	189737.0	632796.0	203548.0	524484.0	559680.0	182972.0	532811.0	165876.0	523444.0	206465.0	163581.0	525874.0	157188.0	560638.0	274768.0	195772.0
GCF_005081185_1	149315.0	216608.0	610849.0	157936.0	587950.0	534132.0	183539.0	652461.0	153572.0	588809.0	173305.0	538965.0	183562.0	553598.0	574976.0	166263.0	575145.0	156004.0	549724.0	198722.0	155129.0	552813.0	151626.0	595522.0	283338.0	193872.0
GCF_005081705_1	152036.0	223660.0	616662.0	157347.0	615386.0	556137.0	179374.0	585731.0	148383.0	652809.0	170786.0	559415.0	176426.0	579020.0	609750.0	169683.0	590672.0	151471.0	571668.0	206135.0	152412.0	579205.0	147447.0	618746.0	283285.0	198293.0
GCF_005081945_1	163203.0	235385.0	616713.0	176274.0	615457.0	558831.0	203002.0	591405.0	166856.0	619141.0	182275.0	564652.0	196502.0	577118.0	597551.0	188450.0	597864.0	162925.0	571208.0	207242.0	171104.0	579844.0	165514.0	654826.0	294401.0	208690.0
GCF_005082365_1	155136.0	217810.0	597412.0	163310.0	596998.0	542207.0	189101.0	578801.0	159240.0	607992.0	174757.0	552634.0	182605.0	560238.0	641024.0	175196.0	572628.0	156089.0	553264.0	204338.0	163855.0	555115.0	157712.0	595983.0	287248.0	203486.0
GCF_005082825_1	158619.0	228508.0	656629.0	172777.0	614732.0	547109.0	195146.0	612032.0	161677.0	618902.0	183308.0	564697.0	193986.0	574030.0	600020.0	184193.0	602564.0	164724.0	568885.0	199804.0	166251.0	578717.0	164919.0	617548.0	290569.0	199982.0
GCF_005083105_1	158954.0	245413.0	573398.0	169399.0	575902.0	606318.0	196913.0	551384.0	163578.0	576306.0	186052.0	526078.0	190055.0	619197.0	557002.0	179579.0	601835.0	161929.0	619390.0	208001.0	165249.0	642180.0	153661.0	582750.0	281072.0	207414.0
GCF_005083345_1	156644.0	227335.0	577060.0	165974.0	574918.0	617966.0	188140.0	550342.0	156484.0	577667.0	180033.0	524916.0	184775.0	618945.0	564914.0	172687.0	601227.0	168443.0	641028.0	201994.0	170434.0	620838.0	162714.0	578600.0	278589.0	198031.0
GCF_005083565_1	162099.0	245507.0	611662.0	177704.0	653487.0	553934.0	197897.0	588323.0	166930.0	616282.0	187715.0	574141.0	194363.0	581010.0	602494.0	188097.0	589508.0	161886.0	570321.0	211977.0	173261.0	578843.0	162579.0	611734.0	293767.0	216533.0
GCF_009068925_1	153071.0	210813.0	565038.0	162701.0	564474.0	628324.0	186640.0	537982.0	155062.0	563769.0	178262.0	509966.0	185481.0	616122.0	555098.0	174576.0	587290.0	160122.0	618448.0	193443.0	151060.0	608034.0	146036.0	561833.0	266885.0	188296.0
GCF_009069125_1	166268.0	240029.0	584764.0	175397.0	586485.0	614085.0	194794.0	561468.0	168264.0	584146.0	186484.0	526994.0	192378.0	634931.0	565935.0	187832.0	605159.0	173124.0	620035.0	208537.0	169128.0	617075.0	160537.0	581977.0	291226.0	213783.0
GCF_900560745_1	364338.0	151893.0	157447.0	373347.0	163081.0	154819.0	389175.0	151930.0	369041.0	159730.0	381812.0	170026.0	388437.0	167453.0	165718.0	378765.0	159352.0	449035.0	165543.0	139081.0	354190.0	167630.0	363184.0	159413.0	136220.0	137466.0
GCF_900698845_1	453442.0	154785.0	150464.0	395594.0	158030.0	142150.0	396849.0	145477.0	451020.0	149602.0	393725.0	152556.0	393958.0	154278.0	146519.0	398268.0	151546.0	365097.0	156424.0	141246.0	384740.0	155650.0	443880.0	154064.0	141895.0	125846.0
GCF_900698865_1	385270.0	160163.0	157489.0	409268.0	172059.0	149716.0	400384.0	161480.0	384886.0	157751.0	395061.0	168598.0	397802.0	168026.0	167732.0	415191.0	160159.0	364506.0	165572.0	143990.0	442566.0	170101.0	385791.0	167183.0	142982.0	136040.0
GCF_900698895_1	395609.0	183634.0	190560.0	401053.0	188528.0	172559.0	440440.0	184002.0	398684.0	178434.0	432574.0	188887.0	442268.0	182942.0	185220.0	409319.0	179644.0	393260.0	184640.0	160582.0	400645.0	186451.0	391711.0	184772.0	167691.0	160975.0
GCF_900698905_1	396743.0	159427.0	165829.0	442321.0	180194.0	161151.0	402925.0	160796.0	400003.0	164097.0	400757.0	168912.0	406365.0	173231.0	173080.0	428045.0	164795.0	378220.0	165734.0	151519.0	409123.0	174963.0	396628.0	170337.0	145713.0	139876.0
GCF_900698915_1	395955.0	188370.0	198718.0	404845.0	201477.0	182688.0	445468.0	191244.0	401692.0	185661.0	434101.0	195012.0	443298.0	199088.0	188449.0	410069.0	183170.0	393526.0	185224.0	168825.0	399783.0	202558.0	394094.0	190350.0	167500.0	162019.0
GCF_900698945_1	396607.0	169001.0	172322.0	427968.0	179273.0	172593.0	407826.0	171632.0	405093.0	171636.0	405354.0	176359.0	409749.0	184270.0	175040.0	445611.0	165214.0	379696.0	172664.0	153406.0	414288.0	181979.0	401628.0	173422.0	139166.0	145953.0
GCF_900698975_1	450326.0	153485.0	158362.0	394706.0	152297.0	147434.0	395344.0	158128.0	453978.0	146312.0	388446.0	164441.0	393190.0	164820.0	154272.0	399184.0	158068.0	363722.0	159714.0	140955.0	382472.0	165799.0	444149.0	155143.0	134091.0	131547.0
GCF_900699025_1	444891.0	149149.0	157825.0	395119.0	156218.0	140617.0	394553.0	152253.0	446397.0	146519.0	389451.0	154194.0	392805.0	156055.0	155848.0	400516.0	151553.0	363592.0	152881.0	132764.0	383506.0	158597.0	458254.0	151816.0	139324.0	128692.0
GCF_900699035_1	391079.0	181379.0	177103.0	399944.0	186571.0	169732.0	432717.0	168340.0	394902.0	174280.0	443818.0	179179.0	430149.0	184164.0	180018.0	403069.0	176170.0	382816.0	179748.0	167735.0	391828.0	179879.0	392280.0	177193.0	166290.0	151001.0
