items	num_genomes_gene_cluster_has_hits	num_genes_in_gene_cluster	max_num_paralogs	SCG	functional_homogeneity_index	geometric_homogeneity_index	combined_homogeneity_index
GC_00000001	26	34	2	0	0.932948116046708	0.806281314593335	0.865002190282274
GC_00000002	26	28	2	0	0.71868073250057	0.832099861611214	0.771242741013129
GC_00000003	26	27	2	0	0.870421116845642	0.946032471286467	0.90665310207697
GC_00000004	26	26	1	1	0.95882499377645	0.990384615384615	0.97434931391617
GC_00000005	26	26	1	1	0.964902363823227	0.913632300025388	0.93856768568077
GC_00000006	26	26	1	1	0.946507764535934	0.780110998843152	0.855291432325078
GC_00000007	26	26	1	1	0.936049435941654	0.991239316239315	0.96285416681753
GC_00000008	26	26	1	1	0.881860618014464	1.0	0.937222033951599
GC_00000009	26	26	1	1	0.806237161531279	0.998601398601399	0.892167947753036
GC_00000010	26	26	1	1	0.741766188069359	0.921534580734581	0.821935762847182
GC_00000011	26	26	1	1	0.924416873449131	0.902613026635549	0.913384846058862
GC_00000012	26	26	1	1	0.762303547999888	0.871122803325266	0.813088393216781
GC_00000013	26	26	1	1	0.843787763391724	0.962961397576781	0.899444218873552
GC_00000014	26	26	1	1	0.837708116954647	0.795063144283795	0.815828726618865
GC_00000015	26	26	1	1	0.955791881203314	0.990989343622809	0.973072430445573
GC_00000016	26	26	1	1	0.870884146341463	0.724461485209149	0.790953395460026
GC_00000017	26	26	1	1	0.763288596393932	0.91152817082583	0.830847972985311
GC_00000018	26	26	1	1	0.722191239688626	0.946183923603279	0.819151178697981
GC_00000019	26	26	1	1	0.834768662398123	0.978631704116783	0.900993618078931
GC_00000020	26	26	1	1	0.696932622291957	0.953640183341167	0.805324008042174
GC_00000021	26	26	1	1	0.718493661446682	0.882825540472598	0.792227501215934
GC_00000022	26	26	1	1	0.745706669347054	0.981768764591273	0.847608598222725
GC_00000023	26	26	1	1	0.773404738131978	0.852688927029699	0.811113984939942
GC_00000024	26	26	1	1	0.802180655414152	0.997229810687752	0.889133944929192
GC_00000025	26	26	1	1	0.78838768609784	0.992889275586488	0.878899458499496
GC_00000026	26	26	1	1	0.788715395221777	0.964448160535113	0.867774269673274
GC_00000027	26	26	1	1	0.716869050492753	0.891599440033177	0.794743630678726
GC_00000028	26	26	1	1	0.706712969342851	0.841816890709119	0.768371253049059
GC_00000029	26	26	1	1	0.873741258741259	0.983421292786681	0.925342542068229
GC_00000030	26	26	1	1	0.72970426980749	0.936145234066849	0.820133118711834
GC_00000031	26	26	1	1	0.86871610954307	0.96251939799754	0.913215261876543
GC_00000032	26	26	1	1	0.701356358936429	0.951677594083188	0.807563729768888
GC_00000033	26	26	1	1	0.704516008046643	0.963604201288906	0.813939644672785
GC_00000034	26	26	1	1	0.729212822502881	0.938807300042242	0.820841801363332
GC_00000035	26	26	1	1	0.76281776416539	0.958338153074996	0.849472566570455
GC_00000036	26	26	1	1	0.700567650378971	0.906719334985525	0.790422917435544
GC_00000037	26	26	1	1	0.80804469273743	0.989009302545216	0.88941536546754
GC_00000038	26	26	1	1	0.735032910491673	0.905486117662729	0.81140429955781
GC_00000039	26	26	1	1	0.783404163725829	0.949519122852457	0.858499900302779
GC_00000040	26	26	1	1	0.779975874547648	0.930110552966572	0.848452780285066
GC_00000041	26	26	1	1	0.759829326267389	0.901337461973056	0.824556138876303
GC_00000042	26	26	1	1	0.796362373572948	0.927854330708661	0.857094442129248
GC_00000043	26	26	1	1	0.796033626289645	0.986913589854763	0.881255930240605
GC_00000044	26	26	1	1	0.840756323393978	0.999243985632433	0.913174520039508
GC_00000045	26	26	1	1	0.798922576447625	0.951106067241049	0.868397340187038
GC_00000046	26	26	1	1	0.77965162195439	0.89707093123249	0.834249894491153
GC_00000047	26	26	1	1	0.68488523657344	0.90826741839082	0.780915681592985
GC_00000048	26	26	1	1	0.702399183256764	0.902468476952861	0.789963106420709
GC_00000049	26	26	1	1	0.710225342543313	0.939599815476877	0.808967662490369
GC_00000050	26	26	1	1	0.760581781851019	0.774002577814345	0.767233493660379
GC_00000051	26	26	1	1	0.71772767337795	0.951055313297521	0.818079669695856
GC_00000052	26	26	1	1	0.794804978793003	0.903372874175391	0.845618445495661
GC_00000053	26	26	1	1	0.690738390212799	0.865356228297403	0.768249900725235
GC_00000054	26	26	1	1	0.750572951743772	0.985319989643253	0.852073898575514
GC_00000055	26	26	1	1	0.795461301229889	0.992567306355499	0.883150166303014
GC_00000056	26	26	1	1	0.800656385353759	0.940720411663808	0.865055518967784
GC_00000057	26	26	1	1	0.736993645480399	0.965986812032308	0.836094317988223
GC_00000058	26	26	1	1	0.812702791803307	0.985254901960784	0.890698832612782
GC_00000059	26	26	1	1	0.73285952214658	0.985174950710004	0.840489355731785
GC_00000060	26	26	1	1	0.687352240890467	0.926247829975788	0.789115634101332
GC_00000061	26	26	1	1	0.89596167008898	0.998974358974359	0.944668021838343
GC_00000062	26	26	1	1	0.864238246071673	0.927269040042878	0.894644833447782
GC_00000063	26	26	1	1	0.813105809517854	0.974729872490968	0.88661226533132
GC_00000064	26	26	1	1	0.786311093744912	0.964112955017442	0.866181783424899
GC_00000065	26	26	1	1	0.794810553231055	0.967916603944002	0.872863764912037
GC_00000066	26	26	1	1	0.691436928947072	0.929853242509827	0.793115114976275
GC_00000067	26	26	1	1	0.819913898289477	0.96113771286185	0.884926819651421
GC_00000068	26	26	1	1	0.727474996219731	0.929770793198127	0.816276026870604
GC_00000069	26	26	1	1	0.842727885469585	0.942990986658505	0.890044690244609
GC_00000070	26	26	1	1	0.837085574572127	0.903796346104036	0.869162778577008
GC_00000071	26	26	1	1	0.693608603904071	0.954964558889446	0.803569595111912
GC_00000072	26	26	1	1	0.744144606663458	0.992700756456844	0.850637517459784
GC_00000073	26	26	1	1	0.6819803433926	0.941285965606718	0.790922010142421
GC_00000074	26	26	1	1	0.773421706232311	0.846939789331656	0.808512938297063
GC_00000075	26	26	1	1	0.684743528283797	0.886123876123877	0.772525533003049
GC_00000076	26	26	1	1	0.808592879844633	0.958498252326235	0.877187201117793
GC_00000077	26	26	1	1	0.861616294927632	0.968180125545273	0.911795173781454
GC_00000078	26	26	1	1	0.70928178867083	0.963237479031871	0.816979290147048
GC_00000079	26	26	1	1	0.820800749286214	0.920877168509246	0.867963774691117
GC_00000080	26	26	1	1	0.90956716179524	0.993021411578111	0.949463987718131
GC_00000081	26	26	1	1	0.901215295263034	0.924362830152303	0.912642312381295
GC_00000082	26	26	1	1	0.75668703074992	0.978756577181902	0.853513654756362
GC_00000083	26	26	1	1	0.698542710673348	0.944886949142267	0.803251768996019
GC_00000084	26	26	1	1	0.809195653759207	0.940214731585518	0.869798968581588
GC_00000085	26	26	1	1	0.742177107694349	0.981770218458118	0.84532441345746
GC_00000086	26	26	1	1	0.808452633267019	0.96668209074298	0.8805153448047
GC_00000087	26	26	1	1	0.865477377455604	0.944145391628056	0.903101454560961
GC_00000088	26	26	1	1	0.780819874428759	0.987488498815446	0.872077130110878
GC_00000089	26	26	1	1	0.753561083524319	0.999118631798028	0.859138052623136
GC_00000090	26	26	1	1	0.767102954426898	0.983251748251752	0.861831398944522
GC_00000091	26	26	1	1	0.715434139855491	0.946610312764159	0.814944911760125
GC_00000092	26	26	1	1	0.808647954444198	0.977308522637054	0.885014330229258
GC_00000093	26	26	1	1	0.735080711198456	0.95542876549499	0.830894196243394
GC_00000094	26	26	1	1	0.719389239458662	0.904319121738476	0.801323021747231
GC_00000095	26	26	1	1	0.657425451336545	0.775490570036024	0.711594022830189
GC_00000096	26	26	1	1	0.692705406954637	0.969671764713711	0.808116095235262
GC_00000097	26	26	1	1	0.721356617002413	0.96885227880196	0.82698417212987
GC_00000098	26	26	1	1	0.692539691063022	0.904882400075416	0.78459786085716
GC_00000099	26	26	1	1	0.749748623054643	0.986980025677247	0.852161810970608
GC_00000100	26	26	1	1	0.823891645011418	0.945878418256934	0.880680877333088
GC_00000101	26	26	1	1	0.738740492692677	0.981869923554705	0.843127606618693
GC_00000102	26	26	1	1	0.831454398303829	0.971657712985404	0.896105210596039
GC_00000103	26	26	1	1	0.759984969907422	0.870306424140904	0.811412982949666
GC_00000104	26	26	1	1	0.765291796469367	0.788486974216178	0.776716253787349
GC_00000105	26	26	1	1	0.817541165429571	0.98547824600788	0.893688696456634
GC_00000106	26	26	1	1	0.719642055601715	0.896998304725576	0.798591597395578
GC_00000107	26	26	1	1	0.73571186874314	0.975854935029719	0.838936647159007
GC_00000108	26	26	1	1	0.822071197411003	0.915360924600331	0.866211510442568
GC_00000109	26	26	1	1	0.694517339654053	0.942660385591422	0.799783643648163
GC_00000110	26	26	1	1	0.784703592656883	0.953802956625082	0.861029378416301
GC_00000111	26	26	1	1	0.761434687489653	0.934324348775847	0.839066109405328
GC_00000112	26	26	1	1	0.743305589326351	0.942853427274481	0.831271802372998
GC_00000113	26	26	1	1	0.799082988775496	0.968450055660582	0.87565204779971
GC_00000114	26	26	1	1	0.778892106652211	0.880435189891077	0.826556666974122
GC_00000115	26	26	1	1	0.702771467778387	0.974418426040725	0.816596224461632
GC_00000116	26	26	1	1	0.679431380120557	0.968044304768249	0.79845752388258
GC_00000117	26	26	1	1	0.817103393365129	0.970869862700398	0.887374636770695
GC_00000118	26	26	1	1	0.681603332959683	0.85176259163564	0.757241584721467
GC_00000119	26	26	1	1	0.81385139740968	0.91142168674699	0.859877569760042
GC_00000120	26	26	1	1	0.789247533699971	0.979902625122113	0.874301965027866
GC_00000121	26	26	1	1	0.732017032380289	0.983281116233301	0.839245964653373
GC_00000122	26	26	1	1	0.816650446644038	0.98954695334026	0.894823524192423
GC_00000123	26	26	1	1	0.816862803821738	0.955887740943471	0.880923875625521
GC_00000124	26	26	1	1	0.796883137196352	0.911766489782247	0.850462645232864
GC_00000125	26	26	1	1	0.719313430194761	0.743531642862146	0.731222063547546
GC_00000126	26	26	1	1	0.870384727202248	0.936954918719624	0.902443824735129
GC_00000127	26	26	1	1	0.668432914548768	0.977092132354412	0.793814160460796
GC_00000128	26	26	1	1	0.733068247713045	0.935394731361311	0.821963909585185
GC_00000129	26	26	1	1	0.786906248654235	0.929152465657322	0.852133875234635
GC_00000130	26	26	1	1	0.942280359234674	1.0	0.970282539031559
GC_00000131	26	26	1	1	0.867994134208093	0.990274446909723	0.925111062962439
GC_00000132	26	26	1	1	0.766042005648133	0.843511332227751	0.80291233290773
GC_00000133	26	26	1	1	0.849253310791772	0.982264119279418	0.910928874247826
GC_00000134	26	26	1	1	0.763021473290036	0.950392340847871	0.846461909124006
GC_00000135	26	26	1	1	0.791519326911352	0.825421748727925	0.808115121588848
GC_00000136	26	26	1	1	0.71567746010669	0.976082683835988	0.82583855462377
GC_00000137	26	26	1	1	0.749188446318982	0.969708830054469	0.845303162389171
GC_00000138	26	26	1	1	0.721386432616379	0.966611334307676	0.826186285131673
GC_00000139	26	26	1	1	0.70004379886123	0.951389772238934	0.80658952562309
GC_00000140	26	26	1	1	0.694228903976722	0.804487416870268	0.745302376317993
GC_00000141	26	26	1	1	0.883926009815025	0.964464967656457	0.922440848129602
GC_00000142	26	26	1	1	0.720941159129225	0.934263897351309	0.813856016753851
GC_00000143	26	26	1	1	0.801978850608841	0.947349175041486	0.868623827418028
GC_00000144	25	26	2	0	0.696338547518221	0.832562525625258	0.758381807686242
GC_00000145	26	26	1	1	0.679072450166681	0.963309548080191	0.796595403239978
GC_00000146	26	26	1	1	0.723515635762502	0.977484937402195	0.8315407379517
GC_00000147	26	26	1	1	0.718645337563899	0.964867876125314	0.823750945230946
GC_00000148	26	26	1	1	0.755127678041204	0.981648674990415	0.853616049416861
GC_00000149	26	26	1	1	0.797595855520441	0.949754190328687	0.867050088525582
GC_00000150	26	26	1	1	0.807614336895263	0.930273048421936	0.864615115433028
GC_00000151	26	26	1	1	0.786090024959119	0.974117466030435	0.870061088939568
GC_00000152	26	26	1	1	0.672579701587197	0.935245855091785	0.782457245458361
GC_00000153	26	26	1	1	0.747413733250017	0.870727260803987	0.804371825485499
GC_00000154	26	26	1	1	0.823434363836045	0.915943790124571	0.867229004128195
GC_00000155	26	26	1	1	0.860899759249021	0.958289598562222	0.906987808773954
GC_00000156	26	26	1	1	0.716959460152396	0.980654391230978	0.828326703814411
GC_00000157	26	26	1	1	0.717697117566285	0.883936142249709	0.792189369841335
GC_00000158	26	26	1	1	0.881500738815007	0.944283286669147	0.911812572824748
GC_00000159	26	26	1	1	0.72238574479577	0.915825173809583	0.807684825893321
GC_00000160	26	26	1	1	0.923141958627665	0.990876733366456	0.955810820682729
GC_00000161	26	26	1	1	0.74388869260923	0.983396477637232	0.847037342376651
GC_00000162	25	25	1	0	0.848390804597701	1.0	0.917977737702879
GC_00000163	21	25	2	0	0.696887080098254	0.852708256655624	0.76696328784938
GC_00000164	25	25	1	0	0.697698710356626	0.860772256728778	0.770703729635177
GC_00000165	25	25	1	0	0.706320810971974	0.900093964007008	0.791520482145375
GC_00000166	25	25	1	0	0.789079064497855	0.878052893676962	0.831191739231957
GC_00000167	24	25	2	0	0.791204170278543	0.897904988938981	0.841184440787159
GC_00000168	25	25	1	0	0.772379533035271	0.853790140208051	0.811047015147896
GC_00000169	25	25	1	0	0.721041629009061	0.940383546016076	0.816233790248773
GC_00000170	25	25	1	0	0.744042426722042	0.962551569625628	0.839308244658165
GC_00000171	25	25	1	0	0.798261551881097	0.876280322748568	0.835453446602927
GC_00000172	25	25	1	0	0.782969040712054	0.93726570382542	0.853197543354829
GC_00000173	25	25	1	0	0.698349537941679	0.967981751392343	0.811350795784422
GC_00000174	25	25	1	0	0.673381408218747	0.811404992376696	0.735977964484622
GC_00000175	25	25	1	0	0.669790347295418	0.963471571906351	0.790227153611479
GC_00000176	24	24	1	0	0.723106693245694	0.955787334999115	0.82332322067983
GC_00000177	24	24	1	0	0.753008180387695	0.96637550107925	0.846452906913811
GC_00000178	24	24	1	0	0.759447926874161	0.97313323874135	0.853113303320374
GC_00000179	24	24	1	0	0.666078661962629	0.885480140830871	0.760266934565682
GC_00000180	23	23	1	0	0.688988298502026	0.893266706741648	0.777940731862819
GC_00000181	22	22	1	0	0.861164674122638	0.76011912104178	0.80749309543299
GC_00000182	13	22	2	0	0.62794956061442	0.625705791484043	0.626825668121015
GC_00000183	22	22	1	0	0.712301952451858	0.885184685803354	0.789388486737981
GC_00000184	21	22	2	0	0.672169409061123	0.839103616118541	0.746416792188028
GC_00000185	21	21	1	0	0.71163140144944	0.900165509573824	0.794871908158439
GC_00000186	20	20	1	0	0.895839099547929	0.851169590643275	0.872933264643345
GC_00000187	20	20	1	0	0.672195245002207	0.758987779451204	0.712959792905217
GC_00000188	15	19	2	0	0.714296891809949	0.678844241308533	0.69611946709857
GC_00000189	18	18	1	0	0.797233960814445	0.840630611218847	0.818357369964831
GC_00000190	18	18	1	0	0.799156505397491	0.942826019296608	0.865066711172912
GC_00000191	13	17	2	0	0.73210080435514	0.699298739552357	0.715323924602146
GC_00000192	17	17	1	0	0.779225559481743	0.998823529411764	0.875463819746123
GC_00000193	17	17	1	0	0.671626102919405	0.776305833536732	0.720182003759084
GC_00000194	16	17	2	0	0.680714095390354	0.867810928134693	0.762959748070892
GC_00000195	17	17	1	0	0.737807810087819	0.95559043540788	0.832694953315923
GC_00000196	17	17	1	0	0.746502186677818	0.924750726391487	0.826120850991173
GC_00000197	13	17	2	0	0.719879062736206	0.694765444468427	0.707099337590807
GC_00000198	16	16	1	0	0.710148536129168	0.965058789956765	0.818209276302111
GC_00000199	15	16	2	0	0.713038264063261	0.835946509630719	0.769616148847425
GC_00000200	16	16	1	0	0.765267964431627	0.970314820559096	0.855678973090376
GC_00000201	16	16	1	0	0.750227870243044	0.919813400107514	0.826410293487922
GC_00000202	16	16	1	0	0.885817738581774	0.995510679067371	0.937466324531884
GC_00000203	16	16	1	0	0.738374839056141	0.959618063878232	0.834582797427441
GC_00000204	16	16	1	0	0.750625874006617	0.955265060307202	0.840671178183503
GC_00000205	16	16	1	0	0.705876505090554	0.978700262952071	0.82019594980706
GC_00000206	16	16	1	0	0.761867088607595	0.975787610365784	0.855659604002983
GC_00000207	16	16	1	0	0.703985384092454	0.985689812699864	0.821354568862531
GC_00000208	16	16	1	0	0.784728830846864	0.923857461740237	0.848628587231405
GC_00000209	16	16	1	0	0.71576711883215	0.994439785934957	0.832399048848016
GC_00000210	16	16	1	0	0.71485558690294	0.974462719706564	0.824711502486422
GC_00000211	16	16	1	0	0.756179496228906	0.975160303837429	0.851821493700961
GC_00000212	16	16	1	0	0.77946374020711	0.888071924514864	0.830230955175037
GC_00000213	16	16	1	0	0.736145650477862	0.98036831046842	0.840883190043851
GC_00000214	16	16	1	0	0.693024156996256	0.910895779260917	0.787162457755655
GC_00000215	16	16	1	0	0.684456896048561	0.814613076506893	0.743884605834637
GC_00000216	16	16	1	0	0.718613589832735	0.986830324250085	0.831630610668933
GC_00000217	16	16	1	0	0.716038045260741	0.917798467367944	0.804460685555509
GC_00000218	16	16	1	0	0.724499215360473	0.949607206954864	0.821918687090322
GC_00000219	16	16	1	0	0.77597774504991	0.998529411764705	0.873297803653927
GC_00000220	16	16	1	0	0.719380539202012	0.959341435977115	0.822210669421194
GC_00000221	16	16	1	0	0.82375234715499	0.928799576625177	0.873127718385959
GC_00000222	16	16	1	0	0.756578392764671	0.977701646832552	0.853043249849935
GC_00000223	16	16	1	0	0.724440729906672	0.977828338277032	0.83227579980722
GC_00000224	16	16	1	0	0.684852213942253	0.964515496580716	0.800974299424684
GC_00000225	16	16	1	0	0.777499110969698	0.938301497367776	0.850365218988772
GC_00000226	16	16	1	0	0.787380443942629	0.975954748970375	0.871584355147755
GC_00000227	13	16	2	0	0.760705160960654	0.701378702904802	0.729838297615834
GC_00000228	16	16	1	0	0.702669862273186	0.971534512025012	0.815513365319484
GC_00000229	16	16	1	0	0.70756637888907	0.937299791937218	0.806390004824941
GC_00000230	16	16	1	0	0.784122228879569	0.930684190902311	0.851139993103272
GC_00000231	16	16	1	0	0.917671957671958	0.972550154320988	0.944314425682939
GC_00000232	16	16	1	0	0.831778476589797	0.954005988023947	0.888709318621761
GC_00000233	16	16	1	0	0.722219150308727	0.928415890327956	0.812438508741634
GC_00000234	16	16	1	0	0.786942528735632	0.978263057424098	0.872234724628058
GC_00000235	16	16	1	0	0.756939003252843	0.91114939690521	0.826916027043304
GC_00000236	15	16	2	0	0.784998511757119	0.843238588958301	0.81307696169998
GC_00000237	16	16	1	0	0.766179560649475	0.952284010143217	0.849154508603858
GC_00000238	16	16	1	0	0.760699126092385	0.993308026803536	0.86157977940109
GC_00000239	16	16	1	0	0.797982108366372	0.893441843692631	0.843018221735237
GC_00000240	16	16	1	0	0.847242931595166	0.987978558854192	0.912214525508676
GC_00000241	12	16	2	0	0.71482081071644	0.655787866179433	0.684033046138376
GC_00000242	16	16	1	0	0.817106116274044	0.807244874733778	0.812145562292045
GC_00000243	15	16	2	0	0.713522492035749	0.857894114815673	0.779076336647063
GC_00000244	16	16	1	0	0.805098576837707	0.985839843020691	0.886349017705055
GC_00000245	15	15	1	0	0.821544497948992	0.988888888888889	0.897482593566762
GC_00000246	15	15	1	0	0.774444030314325	0.702729786402519	0.736846106862471
GC_00000247	15	15	1	0	0.781030450324276	0.960622054517527	0.861566901256693
GC_00000248	15	15	1	0	0.778432899469722	0.979828210334368	0.867596411590763
GC_00000249	15	15	1	0	0.698054576315446	0.958625659958184	0.807848146257114
GC_00000250	15	15	1	0	0.695529699938763	0.947580921315077	0.802223131351975
GC_00000251	15	15	1	0	0.816597442788501	0.948185559802892	0.87748567646795
GC_00000252	15	15	1	0	0.786600991268855	0.976260522987698	0.87122838510957
GC_00000253	14	15	2	0	0.679371865714785	0.855665731904965	0.757395422253993
GC_00000254	15	15	1	0	0.691843002261145	0.911781179985063	0.786729753703884
GC_00000255	15	15	1	0	0.835218297845454	0.991672475891717	0.906746050985998
GC_00000256	15	15	1	0	0.681857977804595	0.983043473799779	0.80520806140591
GC_00000257	15	15	1	0	0.73804371348193	0.891813371813372	0.807674806097159
GC_00000258	15	15	1	0	0.716656824700523	0.983984277845057	0.829309660998007
GC_00000259	15	15	1	0	0.857607227288078	1.0	0.923346135490762
GC_00000260	15	15	1	0	0.773535185843973	0.899500315638075	0.831775707338481
GC_00000261	15	15	1	0	0.755883444252343	0.907277644256605	0.82468998988987
GC_00000262	15	15	1	0	0.858248174527307	0.906403048453421	0.881668571772645
GC_00000263	15	15	1	0	0.700687439091843	0.911553467000835	0.7923308011531
GC_00000264	15	15	1	0	0.77654094844457	0.926832908339756	0.845056653682012
GC_00000265	12	15	2	0	0.704096937164509	0.720211481005106	0.712063049571925
GC_00000266	15	15	1	0	0.700070571630205	0.789443343541705	0.742075716317315
GC_00000267	15	15	1	0	0.720336621523714	0.937071373733071	0.814533089514735
GC_00000268	15	15	1	0	0.697191945944111	0.955583338798565	0.80618946040504
GC_00000269	14	15	2	0	0.746330358170192	0.888405221797291	0.811193927029386
GC_00000270	15	15	1	0	0.808783676072055	0.92879657946653	0.864645543098955
GC_00000271	15	15	1	0	0.714089845955319	0.929673202614379	0.807744394329036
GC_00000272	15	15	1	0	0.792894190096109	0.966133546818477	0.870983055074491
GC_00000273	15	15	1	0	0.699721059972106	0.956266268942326	0.808121699528378
GC_00000274	12	14	2	0	0.674240915878547	0.856570866774948	0.754547531281903
GC_00000275	14	14	1	0	0.721091599798426	0.964969724153398	0.825392946581463
GC_00000276	14	14	1	0	0.725178506280294	0.922369428558909	0.811973321439342
GC_00000277	14	14	1	0	0.7735861051775	0.958338261959524	0.856108012080633
GC_00000278	14	14	1	0	0.708087525474633	0.962875462742591	0.816056499828361
GC_00000279	14	14	1	0	0.729796785911998	0.9823304147363	0.837439623769422
GC_00000280	14	14	1	0	0.737747261729606	0.941661752797379	0.827324819138756
GC_00000281	14	14	1	0	0.748307301214832	0.99904761904762	0.855687209193127
GC_00000282	14	14	1	0	0.670107418596845	0.715232398445719	0.69193497555346
GC_00000283	14	14	1	0	0.72025057596231	0.882273427513995	0.793071358612685
GC_00000284	14	14	1	0	0.768613842298053	1.0	0.869170899736205
GC_00000285	14	14	1	0	0.771540217773094	0.986284574668158	0.865795292907323
GC_00000286	14	14	1	0	0.722592789622294	0.95072680370778	0.821108335787446
GC_00000287	14	14	1	0	0.728104912764004	0.953898194724141	0.825846229133981
GC_00000288	13	14	2	0	0.839817819983705	0.838502105105523	0.839159446818853
GC_00000289	14	14	1	0	0.77450321037898	0.978032411643275	0.864449467564424
GC_00000290	13	14	2	0	0.760611288526716	0.88443087398519	0.817861234203858
GC_00000291	14	14	1	0	0.695541889719654	0.981923973572701	0.81428692062839
GC_00000292	14	14	1	0	0.761197874301828	0.8900598662608	0.820600759719368
GC_00000293	14	14	1	0	0.754908536585366	0.992985584648069	0.857733069126703
GC_00000294	14	14	1	0	0.710639695511892	0.921769591039323	0.802551255870663
GC_00000295	13	14	2	0	0.753102299017942	0.869831015843719	0.807268828349679
GC_00000296	14	14	1	0	0.759597002370574	0.977988338192419	0.855068229113445
GC_00000297	14	14	1	0	0.733361137177215	0.969831471563557	0.835180598137921
GC_00000298	14	14	1	0	0.731024890719266	0.910109454038026	0.810796101252895
GC_00000299	10	14	3	0	0.777237174354868	0.654434180019844	0.710568904414552
GC_00000300	13	14	2	0	0.737766459158649	0.879969578861203	0.802618010733579
GC_00000301	14	14	1	0	0.772680342080143	0.887960333515646	0.82631902775513
GC_00000302	11	14	2	0	0.653039063984581	0.673729312512584	0.663222861527304
GC_00000303	14	14	1	0	0.767650636731803	0.99119538063053	0.865217031571331
GC_00000304	14	14	1	0	0.850492420422843	0.976829615562457	0.909293674261927
GC_00000305	14	14	1	0	0.739975378121702	0.935539603478107	0.826344472516197
GC_00000306	14	14	1	0	0.88491124260355	0.960746988422267	0.921271118412686
GC_00000307	13	14	2	0	0.735440931780366	0.826338133381173	0.778244375707059
GC_00000308	14	14	1	0	0.802618244415754	0.999458874458875	0.890288122280671
GC_00000309	13	14	2	0	0.818754696725711	0.863484644102771	0.840524996355742
GC_00000310	14	14	1	0	0.750848196221247	0.811925779138892	0.780193446197463
GC_00000311	14	14	1	0	0.693667371213063	0.835131229626644	0.757854284213577
GC_00000312	12	14	2	0	0.716797683078196	0.757845904979665	0.73675048427825
GC_00000313	14	14	1	0	0.775061554695744	0.911069109918214	0.837579975962479
GC_00000314	14	14	1	0	0.737985685071575	0.908505386239376	0.814415555040031
GC_00000315	13	14	2	0	0.707061339104001	0.84323807156217	0.769168892099397
GC_00000316	13	14	2	0	0.801236113509469	0.854885930836661	0.827192033408298
GC_00000317	12	14	2	0	0.777762341391127	0.812824262458175	0.794906860122005
GC_00000318	14	14	1	0	0.751956235717748	0.951802364976015	0.840158603716723
GC_00000319	14	14	1	0	0.733956515359452	0.95728179249624	0.83087428350463
GC_00000320	14	14	1	0	0.773886494252874	0.921846318337189	0.841411347638231
GC_00000321	12	13	2	0	0.944856348470806	0.855396211828372	0.897903504238982
GC_00000322	13	13	1	0	0.768584805920556	0.982594838539962	0.862512838893158
GC_00000323	12	13	2	0	0.732173876645529	0.802847225766935	0.765883628205569
GC_00000324	13	13	1	0	0.84821756707093	0.993881218496605	0.915290228423827
GC_00000325	13	13	1	0	0.740785591002728	0.984177041250997	0.845310104140503
GC_00000326	13	13	1	0	0.720147660781999	0.90810603551083	0.803278308170385
GC_00000327	13	13	1	0	0.769377394636015	0.989322114200158	0.865596501113273
GC_00000328	10	13	2	0	0.735630407911001	0.667313079077785	0.699808363086632
GC_00000329	13	13	1	0	0.855541498319934	0.930493624764976	0.891444854156687
GC_00000330	13	13	1	0	0.767202488558818	0.982924395402221	0.861768422768304
GC_00000331	13	13	1	0	0.799069392540485	0.958405504689319	0.871514586804835
GC_00000332	13	13	1	0	0.772007684326235	0.981352312770413	0.864182515563939
GC_00000333	13	13	1	0	0.838770532670359	0.894350523246744	0.865669322078291
GC_00000334	13	13	1	0	0.722071042415007	0.875562778379681	0.791443595967342
GC_00000335	13	13	1	0	0.760705852319867	0.971154352893482	0.853143686226079
GC_00000336	12	13	2	0	0.739775002883234	0.843323504322703	0.788162764353704
GC_00000337	13	13	1	0	0.767999420541793	1.0	0.868777909787373
GC_00000338	13	13	1	0	0.815508338070874	0.909029304029302	0.859733019319733
GC_00000339	13	13	1	0	0.742940488353842	0.956896804617429	0.836453444416481
GC_00000340	13	13	1	0	0.750009084632436	0.933252737600563	0.831656753825699
GC_00000341	13	13	1	0	0.711426765612911	0.769043494096032	0.739113970081309
GC_00000342	13	13	1	0	0.772988157799143	0.980585507966466	0.864498595257589
GC_00000343	13	13	1	0	0.776306027541031	0.936807154198459	0.84903793654705
GC_00000344	13	13	1	0	0.771277420531765	0.928038673729441	0.8424274646077
GC_00000345	13	13	1	0	0.890265906932574	1.0	0.941947800748574
GC_00000346	13	13	1	0	0.727614566367055	0.958464120228824	0.827235953769966
GC_00000347	13	13	1	0	0.733590995389205	0.898334908523701	0.807647452812224
GC_00000348	13	13	1	0	0.741323925887684	0.873968358316963	0.802199900073393
GC_00000349	13	13	1	0	0.719949052698615	0.956063260411087	0.821374441308007
GC_00000350	13	13	1	0	0.712060679752186	0.758969385402114	0.734767112219206
GC_00000351	13	13	1	0	0.793256307890261	0.976049639441274	0.875210456923563
GC_00000352	13	13	1	0	0.735472439263908	0.958939677057087	0.83247008988988
GC_00000353	13	13	1	0	0.778891178123244	0.978083906501173	0.867196049511351
GC_00000354	13	13	1	0	0.729827192230791	0.675172540606804	0.701436830293479
GC_00000355	13	13	1	0	0.736114277030621	0.962392406689488	0.834180751197717
GC_00000356	13	13	1	0	0.769241253356231	0.938934301316998	0.845658980177143
GC_00000357	13	13	1	0	0.708203530633437	0.965611817332466	0.817114861668902
GC_00000358	12	13	2	0	0.767424647009772	0.858891327573393	0.810585869147238
GC_00000359	13	13	1	0	0.752621588249387	0.966857703013754	0.846393421253487
GC_00000360	13	13	1	0	0.767345263107054	0.957760101238363	0.852043813749379
GC_00000361	13	13	1	0	0.882598518304013	0.953852487723456	0.916843182401488
GC_00000362	13	13	1	0	0.817841711455369	0.989137517230987	0.895370469249947
GC_00000363	13	13	1	0	0.71298852085524	0.927850897512387	0.806351958133353
GC_00000364	10	13	2	0	0.746015642613114	0.68678391530778	0.715175463423714
GC_00000365	13	13	1	0	0.848487417118746	0.951460791517634	0.897028598501907
GC_00000366	12	13	2	0	0.703717941677193	0.75408901049283	0.728033249554038
GC_00000367	13	13	1	0	0.734007369650186	0.96359323381107	0.833275546109362
GC_00000368	13	13	1	0	0.825553399453788	0.922410818364577	0.871298598714171
GC_00000369	13	13	1	0	0.756085279067529	0.929216062075825	0.833757819396251
GC_00000370	13	13	1	0	0.725019479015309	0.941753949052865	0.819295467524085
GC_00000371	13	13	1	0	0.785995951982133	0.953119453164698	0.861527682091491
GC_00000372	13	13	1	0	0.745224350930031	0.85105004670222	0.794629318873216
GC_00000373	13	13	1	0	0.759728421449676	0.938354163346763	0.839646238248922
GC_00000374	13	13	1	0	0.738313691113925	0.967109631608208	0.837364274677299
GC_00000375	13	13	1	0	0.748674977859527	0.952053333616306	0.838203849088338
GC_00000376	13	13	1	0	0.758787134143666	0.916805455707327	0.83034526234722
GC_00000377	12	13	2	0	0.724094642325205	0.897158208875324	0.801389433959859
GC_00000378	13	13	1	0	0.809244288224956	0.983323526719753	0.887831345448679
GC_00000379	13	13	1	0	0.76610016446838	0.998873541640903	0.867137206503888
GC_00000380	13	13	1	0	0.863419268015938	0.997657031537932	0.925696925062046
GC_00000381	13	13	1	0	0.702078397587767	0.964879365392843	0.812763195042499
GC_00000382	13	13	1	0	0.737109544940398	0.927586564379018	0.821450721887947
GC_00000383	13	13	1	0	0.69137215800682	0.936290285422969	0.795404523544408
GC_00000384	13	13	1	0	0.760969832959362	0.894727405198029	0.822445732693775
GC_00000385	13	13	1	0	0.740991274435775	0.992696714374619	0.84857207093808
GC_00000386	13	13	1	0	0.834661665885295	0.777968022157875	0.805318282547204
GC_00000387	12	13	2	0	0.715033500837521	0.820082452814028	0.763963693838515
GC_00000388	13	13	1	0	0.850106202461049	0.966395909144333	0.904528710589304
GC_00000389	13	13	1	0	0.797637220415478	0.962030871284604	0.872154963478328
GC_00000390	13	13	1	0	0.746573571243858	0.925803050418727	0.82658425221519
GC_00000391	11	13	2	0	0.694229825852342	0.655484028978005	0.674300795917355
GC_00000392	13	13	1	0	0.770908090142157	0.955714912405439	0.853421223690139
GC_00000393	13	13	1	0	0.857389483217298	0.996699669966997	0.921810920999345
GC_00000394	13	13	1	0	0.738819427029222	0.967878291049024	0.837977665115831
GC_00000395	13	13	1	0	0.756076169880459	0.98275683112539	0.854641038410614
GC_00000396	13	13	1	0	0.72328514739229	0.920811103789826	0.810182487121684
GC_00000397	12	13	2	0	0.729013076059586	0.727644000042189	0.728327894670516
GC_00000398	12	13	2	0	0.713893780924655	0.818624526661942	0.762680557358793
GC_00000399	12	13	2	0	0.736000167725433	0.870771755342293	0.797733827410779
GC_00000400	13	13	1	0	0.733069333512316	0.952115065697154	0.828356062357411
GC_00000401	13	13	1	0	0.72913806426444	0.987314191441149	0.838809650516358
GC_00000402	13	13	1	0	0.695106425512663	0.939011589369182	0.798856610669666
GC_00000403	12	13	2	0	0.697358702019816	0.833618709395566	0.759425001086186
GC_00000404	13	13	1	0	0.771963391689786	0.978947165615265	0.863220992186638
GC_00000405	13	13	1	0	0.820803705513036	0.88711435198424	0.852671759193718
GC_00000406	13	13	1	0	0.712719359170255	0.982087167622264	0.825996980412573
GC_00000407	11	12	2	0	0.8604605462958	0.950739686198298	0.903350137764462
GC_00000408	12	12	1	0	0.708675442026152	0.89746260534626	0.791973902350665
GC_00000409	12	12	1	0	0.885081753228909	0.947010346770731	0.914999391183358
GC_00000410	12	12	1	0	0.69589390694071	0.93932589756613	0.799490278855841
GC_00000411	12	12	1	0	0.739275394532118	0.988076416337288	0.84575774074417
GC_00000412	12	12	1	0	0.719782856457321	0.968485159655786	0.825815579043539
GC_00000413	12	12	1	0	0.717079827154878	0.97996229867651	0.828159990912409
GC_00000414	12	12	1	0	0.678203366540708	0.960074731635673	0.794890581581685
GC_00000415	12	12	1	0	0.734745098039216	0.944541876514567	0.826538315580335
GC_00000416	12	12	1	0	0.710273740085795	0.928447611710323	0.804837206667776
GC_00000417	12	12	1	0	0.730658337337818	0.829529471934535	0.776961108315649
GC_00000418	9	12	4	0	0.744269879791658	0.68425960885034	0.713004275899771
GC_00000419	12	12	1	0	0.747995753349976	0.990017851730449	0.852155756054366
GC_00000420	12	12	1	0	0.706730334436667	0.960639993967404	0.814352291922629
GC_00000421	12	12	1	0	0.736832575088839	0.930043694203443	0.822240381928308
GC_00000422	12	12	1	0	0.920329560452746	0.999560246262095	0.958310043494145
GC_00000423	12	12	1	0	0.694612446283623	0.989128193460577	0.816112336935851
GC_00000424	12	12	1	0	0.721793814766316	0.907359354232637	0.804008342638404
GC_00000425	12	12	1	0	0.696628767585372	0.972033221572576	0.811603919302853
GC_00000426	12	12	1	0	0.805351964746444	0.760139521577432	0.782092860334031
GC_00000427	12	12	1	0	0.774874898172931	0.968434903885441	0.860909399636608
GC_00000428	12	12	1	0	0.694259614300214	0.954050382241872	0.803682137204465
GC_00000429	12	12	1	0	0.723970402894662	0.927821184715153	0.813316984964696
GC_00000430	12	12	1	0	0.688153344926146	0.918129656318325	0.786678304609896
GC_00000431	12	12	1	0	0.75037845705968	0.980381793641025	0.850097380436048
GC_00000432	12	12	1	0	0.695192671071322	0.974190182267724	0.811377538217244
GC_00000433	12	12	1	0	0.731452752783811	0.945486381659826	0.824810635496478
GC_00000434	12	12	1	0	0.718937287611986	0.973480528121247	0.827066985379561
GC_00000435	12	12	1	0	0.621828014500505	0.782588172520182	0.693007178338134
GC_00000436	12	12	1	0	0.754644445786285	0.969383155429669	0.848640257926067
GC_00000437	12	12	1	0	0.790672851923314	0.984330362448013	0.876937335786327
GC_00000438	12	12	1	0	0.707602708044237	0.978751037537773	0.821377942175246
GC_00000439	12	12	1	0	0.822503339357272	0.999136442141626	0.902256382937395
GC_00000440	12	12	1	0	0.745707218099447	0.9732128009788	0.844404396227624
GC_00000441	12	12	1	0	0.767008778724503	0.972583168642952	0.857649208502877
GC_00000442	12	12	1	0	0.709085864891108	0.92722558111442	0.803615417760095
GC_00000443	12	12	1	0	0.759865265787771	0.984539699352143	0.857733766272356
GC_00000444	12	12	1	0	0.68672067629447	0.898584712042754	0.778495683798947
GC_00000445	12	12	1	0	0.779050528191422	0.968478931164102	0.863497915673375
GC_00000446	12	12	1	0	0.749433028657824	0.937006469309028	0.832788365088496
GC_00000447	12	12	1	0	0.763719512195122	0.938233711989368	0.842029478441019
GC_00000448	12	12	1	0	0.730912389352851	0.956751048097201	0.82872115264542
GC_00000449	12	12	1	0	0.813832364341085	0.97572890932024	0.887457475656482
GC_00000450	12	12	1	0	0.756470332364514	0.98824697199152	0.8569634902963
GC_00000451	12	12	1	0	0.871556886227545	0.967586818701469	0.917064775963026
GC_00000452	12	12	1	0	0.742358251504593	0.999129677980856	0.85181429996057
GC_00000453	12	12	1	0	0.741540595767017	0.950224448737609	0.833011659766972
GC_00000454	12	12	1	0	0.764089424419745	0.981362193507601	0.859202817062253
GC_00000455	12	12	1	0	0.8547903275176	1.0	0.921711004026669
GC_00000456	12	12	1	0	0.685239060801081	0.979553973966718	0.806380890725605
GC_00000457	10	12	2	0	0.727508996401439	0.673034358771848	0.699212272273015
GC_00000458	12	12	1	0	0.759214694565675	0.93436127626818	0.837731313141704
GC_00000459	12	12	1	0	0.726747311827957	0.974585591562049	0.832614777981069
GC_00000460	12	12	1	0	0.711983887210473	1.0	0.831764705882353
GC_00000461	12	12	1	0	0.725069472916951	0.765302089215133	0.744642740841938
GC_00000462	12	12	1	0	0.725137790558351	0.985353698426815	0.835452509874391
GC_00000463	10	12	3	0	0.76497275753143	0.733209082389025	0.74875420146863
GC_00000464	12	12	1	0	0.719622863877431	0.901207588707588	0.800243584885151
GC_00000465	11	12	2	0	0.74526512735468	0.825442057807368	0.78330727222369
GC_00000466	12	12	1	0	0.737761839708561	0.913807574792421	0.816402085917987
GC_00000467	12	12	1	0	0.71502166022714	0.904770351645357	0.798782058703818
GC_00000468	12	12	1	0	0.754544377295888	0.973446606317034	0.850130203640941
GC_00000469	12	12	1	0	0.745130745383475	0.986138590447965	0.848859467148147
GC_00000470	12	12	1	0	0.749848942598187	0.953594438295721	0.839536892442324
GC_00000471	12	12	1	0	0.746463082590358	0.963122228860729	0.841063833493571
GC_00000472	12	12	1	0	0.732240173619484	0.994208358448867	0.843348976215781
GC_00000473	12	12	1	0	0.7361792850414	0.945215393813525	0.827703336496411
GC_00000474	12	12	1	0	0.757124166973302	0.971921717835818	0.851180905544264
GC_00000475	12	12	1	0	0.909177419968787	0.931727841536452	0.920314513511197
GC_00000476	12	12	1	0	0.719535593425187	0.952803926488136	0.819900899907003
GC_00000477	12	12	1	0	0.762183468705208	0.892644392644392	0.822271385920572
GC_00000478	12	12	1	0	0.751174796159599	0.985824129795983	0.852650198780431
GC_00000479	12	12	1	0	0.744792850109824	0.963784168795154	0.840254258397691
GC_00000480	12	12	1	0	0.688760806916426	0.972241403886955	0.806310514824482
GC_00000481	12	12	1	0	0.635474650218144	0.913076713076713	0.749393424871855
GC_00000482	12	12	1	0	0.75295267227462	0.959781727582672	0.843878906903415
GC_00000483	12	12	1	0	0.694919278252612	0.984998187354566	0.814914117449415
GC_00000484	12	12	1	0	0.70943814004982	0.951945962235593	0.812992939979795
GC_00000485	12	12	1	0	0.763148125232026	0.918720648296454	0.833739173227498
GC_00000486	12	12	1	0	0.66334239951647	0.826691364191364	0.736063096741706
GC_00000487	12	12	1	0	0.846651225632117	1.0	0.91695845309642
GC_00000488	12	12	1	0	0.697074886605572	0.969072850606749	0.810872088185245
GC_00000489	12	12	1	0	0.678823773898587	0.869066818349113	0.762254413013937
GC_00000490	12	12	1	0	0.749753375443556	0.942179852111362	0.8350241166624
GC_00000491	12	12	1	0	0.716182274847506	0.840770219292791	0.773491459172149
GC_00000492	12	12	1	0	0.694640160271228	0.836219586235335	0.758882985498846
GC_00000493	12	12	1	0	0.735078077292157	0.9440552579965	0.826562500215413
GC_00000494	12	12	1	0	0.743797887761441	0.996822312552421	0.851919712773956
GC_00000495	12	12	1	0	0.688516616447788	0.966330430994487	0.804103992265866
GC_00000496	10	12	3	0	0.725289517046114	0.721181301844964	0.723229575441867
GC_00000497	12	12	1	0	0.767553389316264	0.996197496197496	0.867055286452242
GC_00000498	12	12	1	0	0.811476285049224	0.989648160519437	0.891749612060325
GC_00000499	12	12	1	0	0.813549507817024	0.96426459021551	0.882518575641148
GC_00000500	12	12	1	0	0.813480055020633	0.838713936753151	0.825904297937843
GC_00000501	12	12	1	0	0.695011404175683	0.985202282600188	0.815047308822907
GC_00000502	12	12	1	0	0.74277759091079	0.979505928853753	0.844872572683377
GC_00000503	12	12	1	0	0.688214599824098	0.880711698945048	0.772654075497849
GC_00000504	12	12	1	0	0.793441407077771	0.961077968348662	0.869251221956633
GC_00000505	12	12	1	0	0.729194596266887	0.955241876364871	0.827050738559237
GC_00000506	10	11	2	0	0.821190285561783	0.941692567611136	0.877322945329192
GC_00000507	11	11	1	0	0.706149796602058	0.948513169073916	0.809581643283218
GC_00000508	11	11	1	0	0.779363599416673	0.975488565488567	0.866466469134201
GC_00000509	11	11	1	0	0.747761768495741	0.899768898619473	0.81675297012497
GC_00000510	11	11	1	0	0.738944023678941	0.971378067608666	0.839367065944678
GC_00000511	11	11	1	0	0.725159016675262	0.898632896871927	0.802629625644766
GC_00000512	11	11	1	0	0.804561529700893	0.986539664640927	0.886305993431917
GC_00000513	11	11	1	0	0.714084450348187	0.86325663798526	0.781616793481784
GC_00000514	11	11	1	0	0.771953874687525	0.964525746070812	0.85756190630107
GC_00000515	11	11	1	0	0.860361232059345	0.906025637486311	0.882603179614417
GC_00000516	11	11	1	0	0.712428376885326	0.938552571819502	0.810005089262192
GC_00000517	11	11	1	0	0.744242982717655	0.955944405368966	0.836913531472223
GC_00000518	11	11	1	0	0.71516661366126	0.954315297825049	0.817612260683993
GC_00000519	11	11	1	0	0.807043580683157	0.989559089559088	0.889030528745289
GC_00000520	11	11	1	0	0.796962279545597	0.849122524984594	0.822215989434855
GC_00000521	10	11	2	0	0.742127082835047	0.716993651934362	0.729343905054417
GC_00000522	11	11	1	0	0.8117985943081	1.0	0.896124543708584
GC_00000523	10	11	2	0	0.739746227709191	0.844558786262821	0.788685474964496
GC_00000524	10	11	2	0	0.752631452176217	0.81839199550043	0.784135407951794
GC_00000525	11	11	1	0	0.734257164404223	0.960264791743761	0.832189043647199
GC_00000526	11	11	1	0	0.751439472771419	0.915779505582138	0.825509879367004
GC_00000527	10	11	2	0	0.742918088737201	0.777011048652842	0.759582205502154
GC_00000528	11	11	1	0	0.7667120534267	0.871580959780028	0.815790120587221
GC_00000529	11	11	1	0	0.732671339563863	0.864847979376753	0.793291599114139
GC_00000530	11	11	1	0	0.787485488545347	0.983405120470347	0.874607677954798
GC_00000531	10	10	1	0	0.849158249158249	0.788456848665492	0.817682540957719
GC_00000532	10	10	1	0	0.717721695482432	0.898688115842238	0.798074787338256
GC_00000533	10	10	1	0	0.763392152885764	0.717772007876628	0.739879525699619
GC_00000534	10	10	1	0	0.792972057578323	0.999788359788363	0.884450844769044
GC_00000535	10	10	1	0	0.754379776601999	0.992125984251969	0.857071067426749
GC_00000536	10	10	1	0	0.704633420587511	0.988410840011517	0.822739638119878
GC_00000537	10	10	1	0	0.674921383647799	0.979203212246693	0.799075460847644
GC_00000538	10	10	1	0	0.778350515463918	1.0	0.87536231884058
GC_00000539	10	10	1	0	0.799011489826048	0.996549354273868	0.886914399876767
GC_00000540	10	10	1	0	0.774353598881901	1.0	0.872828955141586
GC_00000541	10	10	1	0	0.742417314433775	0.985947987268923	0.847025633016892
GC_00000542	10	10	1	0	0.770239371204001	0.775881565363272	0.773050173372618
GC_00000543	10	10	1	0	0.783082254756348	0.985083101673863	0.872544067867662
GC_00000544	10	10	1	0	0.728982356807037	0.942074444180081	0.821941717600979
GC_00000545	10	10	1	0	0.699466197661143	0.99203502394751	0.820448672791779
GC_00000546	10	10	1	0	0.785085468091394	0.991189443866349	0.876180171511169
GC_00000547	10	10	1	0	0.797244392533472	0.998445092322647	0.886572826560351
GC_00000548	10	10	1	0	0.740147329650092	1.0	0.850672028786115
GC_00000549	9	10	2	0	0.809633027522936	0.819845159128535	0.814707093010302
GC_00000550	10	10	1	0	0.799195285655789	0.993023184996553	0.885628020234916
GC_00000551	10	10	1	0	0.700048811719884	0.979681844065512	0.816589384065189
GC_00000552	10	10	1	0	0.714074670964276	0.990912151600414	0.830018460253198
GC_00000553	10	10	1	0	0.752642372613977	0.902757904863168	0.820893726619082
GC_00000554	10	10	1	0	0.785592932381923	0.990946812523574	0.876401233935045
GC_00000555	10	10	1	0	0.764639737046968	0.808511148405656	0.785963708418942
GC_00000556	10	10	1	0	0.680741567460317	0.964257106786817	0.798067383986467
GC_00000557	10	10	1	0	0.782231438562251	0.985964322584051	0.872360750289304
GC_00000558	10	10	1	0	0.705922582410067	0.670307114364277	0.687654001783188
GC_00000559	10	10	1	0	0.777204866376841	0.983616737392285	0.868312511971236
GC_00000560	10	10	1	0	0.771245730959249	0.900369721115539	0.830820632620308
GC_00000561	10	10	1	0	0.769550128117804	0.980429799867711	0.862284036557195
GC_00000562	10	10	1	0	0.84265873015873	0.995564464241521	0.912752150864496
GC_00000563	10	10	1	0	0.879021879021879	0.983231274743076	0.928210862084352
GC_00000564	9	10	2	0	0.785797345523076	0.836125083836355	0.810180387804804
GC_00000565	10	10	1	0	0.809332693011343	0.973207744084941	0.88373742102908
GC_00000566	10	10	1	0	0.778998334027489	0.993832567639327	0.873398487994992
GC_00000567	10	10	1	0	0.754732999405722	0.944299001232226	0.838940781890188
GC_00000568	10	10	1	0	0.728630646083476	0.724575879274675	0.726597605832101
GC_00000569	10	10	1	0	0.782649983242096	0.984820256219172	0.872172599931691
GC_00000570	10	10	1	0	0.812680920724282	0.98181659407713	0.889278036972127
GC_00000571	10	10	1	0	0.802591950351374	0.97439892904953	0.880189927761263
GC_00000572	10	10	1	0	0.793718940680632	0.99792843691149	0.884185930475864
GC_00000573	10	10	1	0	0.702647556484523	0.995619502243372	0.823862898175346
GC_00000574	10	10	1	0	0.802417145987401	0.998564102564107	0.88980932800872
GC_00000575	10	10	1	0	0.792839073749757	1.0	0.884450908459418
GC_00000576	10	10	1	0	0.790907360296281	0.967049131396491	0.870153817121064
GC_00000577	10	10	1	0	0.759917025690123	0.975621978749304	0.854364840424373
GC_00000578	10	10	1	0	0.79725677476677	0.990591875564731	0.883470850484427
GC_00000579	10	10	1	0	0.74803528468324	0.989718381976446	0.852070446832752
GC_00000580	10	10	1	0	0.695100069013112	0.924905444126075	0.793703271783127
GC_00000581	10	10	1	0	0.67457385442997	0.874215842636895	0.761527729281962
GC_00000582	10	10	1	0	0.793723294533667	0.772998297260854	0.783223718092816
GC_00000583	10	10	1	0	0.799453696360913	0.815155186338987	0.807228095681914
GC_00000584	10	10	1	0	0.827255460588794	0.918396972824217	0.870446941458592
GC_00000585	10	10	1	0	0.841004320534768	0.987738940987023	0.908484787787281
GC_00000586	10	10	1	0	0.789527687818642	0.959869213934111	0.86640523980167
GC_00000587	10	10	1	0	0.767109587083869	0.929252466752467	0.840431999118421
GC_00000588	10	10	1	0	0.80562358276644	0.995934959349592	0.890727302384705
GC_00000589	10	10	1	0	0.733852813852814	0.939584227851724	0.824072268363774
GC_00000590	10	10	1	0	0.775582401866697	0.809758290017668	0.792301973598973
GC_00000591	10	10	1	0	0.793137436086983	0.941858048993877	0.861123714223471
GC_00000592	10	10	1	0	0.850630011454754	0.928424908424908	0.887826543929041
GC_00000593	10	10	1	0	0.759134615384615	0.976896597488345	0.854357937006888
GC_00000594	10	10	1	0	0.764890918315576	0.955834136933458	0.849768356107999
GC_00000595	10	10	1	0	0.809227579056506	0.988039741664934	0.889738548006519
GC_00000596	10	10	1	0	0.814643001210165	0.98818998370568	0.893063373953519
GC_00000597	10	10	1	0	0.786634680042891	0.910908105444688	0.844222498779782
GC_00000598	10	10	1	0	0.791512535963831	0.858250133220726	0.823531471678413
GC_00000599	10	10	1	0	0.828321291414437	0.969230769230771	0.893253107962474
GC_00000600	10	10	1	0	0.785822772794153	0.923669963560646	0.849188623590917
GC_00000601	10	10	1	0	0.775200848870699	0.911168801199953	0.837703439604843
GC_00000602	10	10	1	0	0.76890329763893	0.994303141792132	0.867196202871638
GC_00000603	10	10	1	0	0.816271663150929	0.931888672999423	0.870256922378004
GC_00000604	10	10	1	0	0.703953493653064	0.985619335347435	0.821308395377413
GC_00000605	10	10	1	0	0.808545567486024	0.978457952815832	0.885423930879615
GC_00000606	10	10	1	0	0.807828282828283	0.967692307692307	0.880563390143517
GC_00000607	10	10	1	0	0.784638329604773	1.0	0.87932475346816
GC_00000608	10	10	1	0	0.765540258656654	0.964315514642551	0.853507396282102
GC_00000609	10	10	1	0	0.712475452962318	0.961846398503698	0.818590461390757
GC_00000610	10	10	1	0	0.773099415204678	0.940892407559077	0.848782777599873
GC_00000611	10	10	1	0	0.737916202500309	0.989221691790858	0.845285968943232
GC_00000612	10	10	1	0	0.833948042001733	0.925740649781908	0.877450205700312
GC_00000613	10	10	1	0	0.734505172571638	0.975126522349561	0.837882775226109
GC_00000614	10	10	1	0	0.764160119715675	0.944945054945055	0.844991094775532
GC_00000615	10	10	1	0	0.783206429780034	0.980850334672021	0.87095642753383
GC_00000616	10	10	1	0	0.781719399169064	0.972043062469439	0.866553977954507
GC_00000617	10	10	1	0	0.79046399751707	0.856814024782955	0.822302768555081
GC_00000618	10	10	1	0	0.731593390552928	0.991219652230973	0.841843807946272
GC_00000619	10	10	1	0	0.805761316872428	0.956165718094651	0.874543988337874
GC_00000620	10	10	1	0	0.770519934924562	0.951479692545594	0.85149155561589
GC_00000621	10	10	1	0	0.715824357912179	0.896919191919193	0.796204213275939
GC_00000622	10	10	1	0	0.743361294093487	0.967574242897577	0.840776552688584
GC_00000623	10	10	1	0	0.759472324221406	1.0	0.863295561704825
GC_00000624	10	10	1	0	0.77486139507469	0.908958644743401	0.83657035416583
GC_00000625	10	10	1	0	0.736431048917594	0.984755231064707	0.842679652021775
GC_00000626	10	10	1	0	0.710304642472607	0.93827670250896	0.808528253391652
GC_00000627	10	10	1	0	0.776309197184779	0.968920228961845	0.861986021794556
GC_00000628	10	10	1	0	0.775805555555556	0.947688515349607	0.853176146707937
GC_00000629	10	10	1	0	0.8097770314395	0.992594936708861	0.891914205807064
GC_00000630	10	10	1	0	0.751449061793889	0.913899500440787	0.824750971362545
GC_00000631	10	10	1	0	0.766425064297405	0.991802656163209	0.8646689000229
GC_00000632	10	10	1	0	0.70957460647847	0.943676003294284	0.810050847370028
GC_00000633	10	10	1	0	0.771753408524709	0.902355964767823	0.831960327827974
GC_00000634	10	10	1	0	0.812926652142338	1.0	0.896811408428136
GC_00000635	10	10	1	0	0.759145338092707	0.998637149936886	0.862576276625201
GC_00000636	10	10	1	0	0.750134065171446	0.995013022398524	0.855392841906119
GC_00000637	10	10	1	0	0.804524524524524	0.964572425828969	0.877308812390929
GC_00000638	10	10	1	0	0.723530706581554	0.895896557350302	0.800540640015953
GC_00000639	10	10	1	0	0.715429464111362	0.988435183329989	0.830060832097793
GC_00000640	10	10	1	0	0.73741596983112	0.989350552124274	0.845004680854615
GC_00000641	10	10	1	0	0.78561825887955	0.920391782130915	0.847681516500875
GC_00000642	10	10	1	0	0.812536528345997	0.946514837819185	0.874423447936261
GC_00000643	10	10	1	0	0.801326778729253	0.993855951810064	0.887267212230362
GC_00000644	10	10	1	0	0.715809628008753	0.998907103825138	0.833988855569923
GC_00000645	10	10	1	0	0.7728453364817	0.737268678113749	0.754637933436944
GC_00000646	10	10	1	0	0.806305348919589	0.973131444854984	0.881898240986719
GC_00000647	10	10	1	0	0.78248280854144	0.982541935483871	0.871174385276648
GC_00000648	10	10	1	0	0.772362278244631	0.991666666666666	0.868382492402288
GC_00000649	10	10	1	0	0.820498150055308	0.999314483091951	0.901120994288727
GC_00000650	10	10	1	0	0.716733824278635	0.792267578001393	0.752610262886335
GC_00000651	9	10	2	0	0.767701525054466	0.83016521220258	0.797712455732234
GC_00000652	10	10	1	0	0.780316344463972	0.975799346216223	0.86717769542262
GC_00000653	10	10	1	0	0.773155555555556	0.867382004348131	0.817562769474222
GC_00000654	10	10	1	0	0.751487741014044	0.996681071004915	0.856889336328943
GC_00000655	10	10	1	0	0.833370068327088	0.817606837606837	0.825413200720294
GC_00000656	10	10	1	0	0.750575757575758	0.972472029267516	0.847235852263791
GC_00000657	10	10	1	0	0.774210340017074	0.988284156951754	0.868246470559774
GC_00000658	10	10	1	0	0.793857099354982	0.939026803124874	0.860361266070402
GC_00000659	10	10	1	0	0.7672030651341	0.97678989557162	0.859402782877421
GC_00000660	10	10	1	0	0.738580867566791	0.967647814350402	0.837737836429964
GC_00000661	10	10	1	0	0.702558635394456	0.767560435818863	0.733622497566289
GC_00000662	9	10	2	0	0.762568652302493	0.816676360043278	0.788695593624777
GC_00000663	10	10	1	0	0.691679184305157	0.992304393227421	0.815157941499211
GC_00000664	10	10	1	0	0.740708664784877	0.995414702720577	0.849377767916113
GC_00000665	10	10	1	0	0.730488418932528	0.923812062554682	0.815854218164398
GC_00000666	10	10	1	0	0.748611111111111	0.914792299898682	0.823400596067443
GC_00000667	10	10	1	0	0.764460009037506	0.990215253886783	0.862814878547733
GC_00000668	10	10	1	0	0.72626953125	0.942772730124504	0.820479055118629
GC_00000669	10	10	1	0	0.757363596535571	0.990136049239775	0.858246811236449
GC_00000670	10	10	1	0	0.722316071532592	0.983383947361414	0.832870987627572
GC_00000671	10	10	1	0	0.744538026850952	0.97339473182974	0.843722653662174
GC_00000672	10	10	1	0	0.778233787402492	0.84445001217942	0.809990869964677
GC_00000673	10	10	1	0	0.78239868870754	0.988004553585949	0.873262597690813
GC_00000674	10	10	1	0	0.692793642626419	0.950757738993034	0.801531275040785
GC_00000675	10	10	1	0	0.743190661478599	0.987173644412703	0.847981238733901
GC_00000676	10	10	1	0	0.799769518870643	0.985722809620973	0.883062945284546
GC_00000677	10	10	1	0	0.765640074211503	0.966040636632898	0.854244573022098
GC_00000678	10	10	1	0	0.772262479871176	0.997289972899731	0.870468266047961
GC_00000679	9	9	1	0	0.890106878596876	0.993736383442266	0.939071321099712
GC_00000680	9	9	1	0	0.731158548807376	0.859298871063577	0.790066691140514
GC_00000681	9	9	1	0	0.862372490950971	0.965587847364349	0.911066153580779
GC_00000682	9	9	1	0	0.735907039277826	0.749010883814806	0.742401143286135
GC_00000683	9	9	1	0	0.753186400136682	0.99260216907276	0.856477660213255
GC_00000684	9	9	1	0	0.817855168601437	0.933843890619591	0.87200943402886
GC_00000685	9	9	1	0	0.714582295299784	0.986778339654446	0.828906366369942
GC_00000686	7	9	2	0	0.680450385197867	0.722913328715233	0.701039435624759
GC_00000687	9	9	1	0	0.747044334975369	0.941713352007469	0.833158753574331
GC_00000688	9	9	1	0	0.834328720563243	0.988140845912865	0.904744093258986
GC_00000689	9	9	1	0	0.714763903750652	0.914004919907369	0.802198218815441
GC_00000690	9	9	1	0	0.759257720537322	0.903439611019823	0.825097252142262
GC_00000691	9	9	1	0	0.723921120320091	0.706677007430921	0.715195135517302
GC_00000692	9	9	1	0	0.672168400908982	0.722982543848685	0.696650096837069
GC_00000693	9	9	1	0	0.84492362982929	0.990966897518344	0.912136465240691
GC_00000694	9	9	1	0	0.79600542178281	0.963389405544554	0.871735187793519
GC_00000695	7	8	2	0	0.757669196710942	0.775576876652021	0.766518459534199
GC_00000696	8	8	1	0	0.672820374612586	0.804645819121816	0.732852100099305
GC_00000697	8	8	1	0	0.653155692202579	0.717173093810551	0.683669048330723
GC_00000698	8	8	1	0	0.766845117223556	0.756378742153333	0.7615759714127
GC_00000699	8	8	1	0	0.80764091350826	1.0	0.893585565001176
GC_00000700	8	8	1	0	0.656610673065935	0.956871025678365	0.778802422979987
GC_00000701	8	8	1	0	0.713348247576435	0.958358244722901	0.817898569602608
GC_00000702	7	8	2	0	0.69076180321071	0.789159714037592	0.736689588922836
GC_00000703	7	8	2	0	0.758076448828607	0.631823636486213	0.689215899321217
GC_00000704	8	8	1	0	0.702824654814547	0.975183968862129	0.81690085095566
GC_00000705	8	8	1	0	0.767643540669856	0.983121255848529	0.862122294494554
GC_00000706	8	8	1	0	0.727772541627396	0.77389375330552	0.750124878867157
GC_00000707	8	8	1	0	0.785122555299342	0.955997368243472	0.862175070729761
GC_00000708	6	8	2	0	0.677800616649538	0.665907320872273	0.671801334374929
GC_00000709	8	8	1	0	0.699985429112633	0.929038532222492	0.798408680381772
GC_00000710	8	8	1	0	0.74870978633097	0.972068585300356	0.84589308512672
GC_00000711	8	8	1	0	0.713720944058023	0.967927910540292	0.821610790150291
GC_00000712	8	8	1	0	0.714609610601158	0.983474794786274	0.827756898194849
GC_00000713	8	8	1	0	0.706625532540032	0.934485622637186	0.804736959667669
GC_00000714	8	8	1	0	0.723205393396154	0.965852373558119	0.82709977059135
GC_00000715	8	8	1	0	0.728477140241846	0.977049218897044	0.834649100606115
GC_00000716	8	8	1	0	0.652366652366652	0.909340659340659	0.759711525133885
GC_00000717	7	7	1	0	0.650998003992016	0.865427366409042	0.74305204743884
GC_00000718	4	7	4	0	0.696474857439088	0.640861740692791	0.667511963870089
GC_00000719	7	7	1	0	0.718302415305745	0.977013825047503	0.827917970245476
GC_00000720	7	7	1	0	0.738480881591598	0.904552616025488	0.813123791203637
GC_00000721	7	7	1	0	0.755405574303212	0.943462953128382	0.83902569555424
GC_00000722	7	7	1	0	0.760441292356186	0.936193286655177	0.839214338321558
GC_00000723	7	7	1	0	0.640400758191172	0.810608640807317	0.715521744418228
GC_00000724	6	7	2	0	0.682616013464775	0.759039936105702	0.7188023125759
GC_00000725	7	7	1	0	0.689772288691625	0.976474787190646	0.808457831445579
GC_00000726	7	7	1	0	0.755967754558973	0.840584615176757	0.796033849058362
GC_00000727	7	7	1	0	0.656031904287139	0.981570956204873	0.786444478240054
GC_00000728	7	7	1	0	0.667430142006413	0.946880336788595	0.782967695430717
GC_00000729	7	7	1	0	0.7852593266606	0.748794508794509	0.766593529109999
GC_00000730	7	7	1	0	0.662353666050524	0.980001442697441	0.790459438215276
GC_00000731	7	7	1	0	0.700052029136316	0.984218319702189	0.818163226937765
GC_00000732	7	7	1	0	0.734996014121398	0.965222853847423	0.834521912069202
GC_00000733	7	7	1	0	0.621661922190592	0.683289787891558	0.65102063114217
GC_00000734	7	7	1	0	0.776936936936937	0.881838991520778	0.826070927591443
GC_00000735	7	7	1	0	0.672511464796331	0.922285329926038	0.777838857265453
GC_00000736	7	7	1	0	0.734507203292934	0.940426205132086	0.824808697898604
GC_00000737	7	7	1	0	0.74493879472693	0.974149980192986	0.84426368517476
GC_00000738	7	7	1	0	0.596842482956584	0.94720261458459	0.732272342630277
GC_00000739	7	7	1	0	0.70301498465427	0.995327942497756	0.824015511866515
GC_00000740	7	7	1	0	0.747054436987323	0.867539170506913	0.802801378104434
GC_00000741	7	7	1	0	0.692576419213974	0.950052963551449	0.801135407005015
GC_00000742	6	6	1	0	0.938817480719794	0.757531175563963	0.838487426715302
GC_00000743	6	6	1	0	0.677269200930954	0.880943102770514	0.765795045850605
GC_00000744	6	6	1	0	0.702130528586839	0.789620113386929	0.743309735548837
GC_00000745	6	6	1	0	0.653768641676743	0.712240679637426	0.681753212672825
GC_00000746	6	6	1	0	0.797979797979798	0.674728050944775	0.731196420494925
GC_00000747	6	6	1	0	0.691645675902603	0.963109339407749	0.805110610162252
GC_00000748	6	6	1	0	0.760374832663989	0.686684537135228	0.721653376377495
GC_00000749	6	6	1	0	0.655401829590988	0.844951592795949	0.738203161430141
GC_00000750	6	6	1	0	0.769111730114516	0.712009082252984	0.739459647769726
GC_00000751	6	6	1	0	0.634188034188034	0.649522885330743	0.641763866840768
GC_00000752	6	6	1	0	0.782707622298066	0.985009868926472	0.87228274458437
GC_00000753	6	6	1	0	0.704304429195259	0.933699466056446	0.802939078944927
GC_00000754	6	6	1	0	0.693396226415094	0.666363636363635	0.679611221838181
GC_00000755	6	6	1	0	0.885802469135803	0.945810564663024	0.914823511356661
GC_00000756	6	6	1	0	0.653541226215645	0.862531353806522	0.743631678382987
GC_00000757	6	6	1	0	0.716954301596536	0.733971875188604	0.725363290823405
GC_00000758	6	6	1	0	0.694691514894819	0.722817445011387	0.708475445404717
GC_00000759	6	6	1	0	0.680617101591991	0.995588235294117	0.808509988810528
GC_00000760	6	6	1	0	0.779301007023779	0.994696969696967	0.873922473802653
GC_00000761	6	6	1	0	0.713326534081251	0.986736812069763	0.828046262861529
GC_00000762	6	6	1	0	0.705561241896963	0.98694559811311	0.822862921942794
GC_00000763	5	5	1	0	0.742910274291027	0.953390695210248	0.835092068706886
GC_00000764	5	5	1	0	0.741561181434599	0.989173612583663	0.8476547132775
GC_00000765	5	5	1	0	0.65205703599813	0.934970534661954	0.768296817078849
GC_00000766	5	5	1	0	0.723027375201288	0.938952337444801	0.816963334529457
GC_00000767	5	5	1	0	0.727064220183486	0.982177652765888	0.83558241872188
GC_00000768	5	5	1	0	0.70094802776367	0.939291964996027	0.802803069385573
GC_00000769	5	5	1	0	0.791768874352685	0.698184857423795	0.742037859113142
GC_00000770	5	5	1	0	0.75424192665572	0.989864009749582	0.856137144260237
GC_00000771	5	5	1	0	0.717160424818334	0.853566433566435	0.779440502770371
GC_00000772	4	5	2	0	0.660766961651917	0.654756786880025	0.657748145057043
GC_00000773	5	5	1	0	0.740123456790123	0.731855450956574	0.735966233458945
GC_00000774	5	5	1	0	0.759869189441719	0.952604026845637	0.845390681563393
GC_00000775	5	5	1	0	0.688180610889774	0.684071325499896	0.686119815452045
GC_00000776	5	5	1	0	0.640773516879712	0.913087194337194	0.753068905738746
GC_00000777	5	5	1	0	0.712517580872011	0.869633978631123	0.783274516245386
GC_00000778	4	5	2	0	0.760520315091211	0.735816007841483	0.747964229105909
GC_00000779	5	5	1	0	0.724888035828535	0.833624031007751	0.775462826775985
GC_00000780	5	5	1	0	0.688423988842399	0.925581395348836	0.789579071328378
GC_00000781	5	5	1	0	0.776910120961568	0.798159530874667	0.787391487043824
GC_00000782	5	5	1	0	0.812941176470588	1.0	0.896820246593121
GC_00000783	5	5	1	0	0.77299880525687	0.906643530710458	0.834504288235191
GC_00000784	5	5	1	0	0.753086419753086	0.990825688073394	0.855751120348119
GC_00000785	5	5	1	0	0.6779324055666	0.658762044749307	0.668209758164738
GC_00000786	4	4	1	0	0.805330743498435	0.949794318385169	0.871617164163591
GC_00000787	4	4	1	0	0.614707835325365	0.973253836418292	0.753502769811654
GC_00000788	4	4	1	0	0.66957153231663	0.978035143769969	0.794928182045257
GC_00000789	4	4	1	0	0.632958801498127	0.702692939244664	0.666005466961242
GC_00000790	4	4	1	0	0.62764344425824	0.829064918529959	0.714428741225643
GC_00000791	4	4	1	0	0.60293549633063	0.79347630506417	0.685206225473885
GC_00000792	4	4	1	0	0.684382909036772	0.997771836007131	0.811884868135243
GC_00000793	3	4	2	0	0.839913945836497	0.611215158540941	0.707543021522467
GC_00000794	4	4	1	0	0.681818181818182	0.913774104683195	0.780936087393269
GC_00000795	4	4	1	0	0.727011494252874	0.819786096256685	0.770616554440023
GC_00000796	4	4	1	0	0.701388888888889	1.0	0.824489795918367
GC_00000797	4	4	1	0	0.726399800473875	0.992226625251699	0.838754963637209
GC_00000798	4	4	1	0	0.711920529801324	0.817067919357996	0.760878770997699
GC_00000799	4	4	1	0	0.680685358255452	0.670947054436988	0.675781124854991
GC_00000800	3	4	2	0	0.608501118568233	0.636717581397834	0.622289659644848
GC_00000801	4	4	1	0	0.646216768916155	0.70203488372093	0.672970381066811
GC_00000802	4	4	1	0	0.829719963866305	0.995959645831277	0.9052712173176
GC_00000803	4	4	1	0	0.743055555555556	0.695877961700746	0.718693364536194
GC_00000804	4	4	1	0	0.688112745098039	0.896253903860393	0.77851138118269
GC_00000805	4	4	1	0	0.777222008464794	0.991254312486444	0.871286381980735
GC_00000806	4	4	1	0	0.845528455284553	1.0	0.916299559471366
GC_00000807	4	4	1	0	0.650305645451277	0.993605376661432	0.786109682461112
GC_00000808	4	4	1	0	0.68878812860676	0.972267917825151	0.806338354520572
GC_00000809	4	4	1	0	0.870472682627379	1.0	0.930751558910404
GC_00000810	4	4	1	0	0.784552845528455	0.953660160977234	0.860880444642289
GC_00000811	4	4	1	0	0.813928182807399	0.963989066687896	0.882625858451188
GC_00000812	4	4	1	0	0.797668038408779	1.0	0.887447539107211
GC_00000813	4	4	1	0	0.634920634920635	0.838999447208404	0.722831676124737
GC_00000814	4	4	1	0	0.748525841137704	0.883768109468293	0.810544286174483
GC_00000815	4	4	1	0	0.641119221411192	0.9887225644463	0.777853465544802
GC_00000816	4	4	1	0	0.639508567733592	0.941336896254929	0.761608928882812
GC_00000817	3	4	2	0	0.616666666666667	0.627609759873067	0.622090092415702
GC_00000818	4	4	1	0	0.747169811320755	0.973659244377478	0.845509658851091
GC_00000819	4	4	1	0	0.679298245614035	0.747032337290218	0.711557001189621
GC_00000820	4	4	1	0	0.78204346942921	0.818999748680572	0.800095085098306
GC_00000821	4	4	1	0	0.90395861448493	1.0	0.949556999409333
GC_00000822	4	4	1	0	0.573157315731573	0.678998778998779	0.621604797027743
GC_00000823	4	4	1	0	0.790839694656489	0.992424242424242	0.880238161641188
GC_00000824	4	4	1	0	0.711206896551724	0.982111684022512	0.824989001920677
GC_00000825	4	4	1	0	0.809794372294372	0.99356923237271	0.892317856230435
GC_00000826	4	4	1	0	0.770922163698687	0.999248120300755	0.870359795254983
GC_00000827	3	3	1	0	0.747474747474748	0.667245190339747	0.705085037429282
GC_00000828	3	3	1	0	0.775398132894014	0.9105697625877	0.837565288962415
GC_00000829	3	3	1	0	0.84452736318408	0.611735977504811	0.70952520414691
GC_00000830	3	3	1	0	0.671583087512291	0.909677419354839	0.772705025234492
GC_00000831	3	3	1	0	0.784126984126984	0.635457622057436	0.702007427459621
GC_00000832	3	3	1	0	0.875765529308836	1.0	0.933768656716418
GC_00000833	3	3	1	0	0.616534740545295	0.994750656167978	0.761253517171821
GC_00000834	3	3	1	0	0.711279461279461	1.0	0.831283817019184
GC_00000835	3	3	1	0	0.823582520765619	0.998917748917749	0.902815995559911
GC_00000836	3	3	1	0	0.762021189894051	0.832452490064906	0.795681289672783
GC_00000837	3	3	1	0	0.841351074718526	0.986911669890393	0.908336831303921
GC_00000838	3	3	1	0	0.865378094269244	0.989990539839484	0.923499633400257
GC_00000839	3	3	1	0	0.701754385964912	0.928243105209397	0.799263402366457
GC_00000840	3	3	1	0	0.781730346947738	0.952281647515015	0.858618585201334
GC_00000841	3	3	1	0	0.723646723646724	0.625039682539683	0.670738455350776
GC_00000842	3	3	1	0	0.751028806584362	0.990853873363493	0.854431599301457
GC_00000843	3	3	1	0	0.805580558055806	0.995524543759477	0.89053683398234
GC_00000844	3	3	1	0	0.821245421245421	0.991308580169658	0.898298899641113
GC_00000845	3	3	1	0	0.659367396593674	0.930850063602678	0.771934906287557
GC_00000846	3	3	1	0	0.815561153092639	0.995000062971502	0.896388800869508
GC_00000847	3	3	1	0	0.714754098360656	0.968598704398229	0.822536894821826
GC_00000848	3	3	1	0	0.64919941775837	0.877374169040834	0.746234317982423
GC_00000849	3	3	1	0	0.725988700564972	0.607826635808962	0.661673707695344
GC_00000850	3	3	1	0	0.706214689265537	0.96375547208681	0.815126266323921
GC_00000851	3	3	1	0	0.818363273453094	1.0	0.900109769484083
GC_00000852	3	3	1	0	0.702048417132216	0.994444444444444	0.823048730661105
GC_00000853	3	3	1	0	0.885017421602787	1.0	0.939001848428835
GC_00000854	3	3	1	0	0.847736625514403	1.0	0.917594654788419
GC_00000855	3	3	1	0	0.854537743850721	1.0	0.921564143608507
GC_00000856	3	3	1	0	0.738095238095238	0.637957211870256	0.684382605040612
GC_00000857	3	3	1	0	0.735257731958763	0.99185621762308	0.844495469653648
GC_00000858	3	3	1	0	0.84782310122236	1.0	0.917645309944998
GC_00000859	3	3	1	0	0.775477707006369	0.704578830327335	0.738330140727968
GC_00000860	3	3	1	0	0.716453295400664	0.654951565639119	0.684323383795209
GC_00000861	3	3	1	0	0.727338782924614	0.986644257995035	0.837376586182114
GC_00000862	3	3	1	0	0.933117583603021	0.996139025085091	0.963598969503737
GC_00000863	3	3	1	0	0.865740740740741	1.0	0.928039702233251
GC_00000864	3	3	1	0	0.816730523627075	1.0	0.899121265377856
GC_00000865	3	3	1	0	0.857677902621723	0.967985269660253	0.909499176469886
GC_00000866	3	3	1	0	0.733120340788072	0.986194649710724	0.841031878015032
GC_00000867	3	3	1	0	0.80652418447694	0.997755331088663	0.892005698420339
GC_00000868	3	3	1	0	0.723456790123457	1.0	0.839541547277937
GC_00000869	3	3	1	0	0.738812785388128	0.977501403463318	0.841559825473245
GC_00000870	3	3	1	0	0.805570433851098	0.998929909042269	0.891890548409356
GC_00000871	3	3	1	0	0.901055645016998	1.0	0.947952941176471
GC_00000872	3	3	1	0	0.647798742138365	0.625528007346189	0.636468614980737
GC_00000873	3	3	1	0	0.656793606017866	0.953903835270557	0.777946153885312
GC_00000874	3	3	1	0	0.889847924373202	0.997539975399754	0.940621561360595
GC_00000875	3	3	1	0	0.839044652128764	0.948482932996206	0.890413707948719
GC_00000876	3	3	1	0	0.836148880648263	1.0	0.910763707083551
GC_00000877	3	3	1	0	0.834586466165414	1.0	0.90983606557377
GC_00000878	3	3	1	0	0.789779326364692	0.834610472541507	0.811576257403981
GC_00000879	3	3	1	0	0.772128060263653	1.0	0.871413390010627
GC_00000880	3	3	1	0	0.863945578231292	1.0	0.927007299270073
GC_00000881	3	3	1	0	0.832020997375328	0.832879207525514	0.832449881258587
GC_00000882	3	3	1	0	0.789722785665991	0.995959595959597	0.880931563894327
GC_00000883	3	3	1	0	0.834817012858556	0.961101614434949	0.893519301623674
GC_00000884	3	3	1	0	0.81079478054567	1.0	0.895512610547003
GC_00000885	3	3	1	0	0.696296296296296	1.0	0.820960698689956
GC_00000886	3	3	1	0	0.803587051618548	0.946245491613185	0.869101020727882
GC_00000887	3	3	1	0	0.666666666666667	0.985222037958356	0.795228746504848
GC_00000888	3	3	1	0	0.791433891992551	1.0	0.883575883575884
GC_00000889	3	3	1	0	0.857241857241857	0.995859213250518	0.921366044315608
GC_00000890	3	3	1	0	0.8849487785658	1.0	0.938963210702341
GC_00000891	3	3	1	0	0.764635603345281	1.0	0.866621530128639
GC_00000892	3	3	1	0	0.811111111111111	1.0	0.895705521472393
GC_00000893	3	3	1	0	0.873611111111111	0.97590902289391	0.921930991891968
GC_00000894	3	3	1	0	0.794066317626527	1.0	0.885214007782101
GC_00000895	3	3	1	0	0.818276220145379	1.0	0.90005711022273
GC_00000896	3	3	1	0	0.733830845771144	1.0	0.84648493543759
GC_00000897	3	3	1	0	0.769423558897243	0.99402092675635	0.867419559056589
GC_00000898	3	3	1	0	0.912037037037037	1.0	0.953995157384988
GC_00000899	3	3	1	0	0.832154644035832	0.990207897504992	0.90432730226449
GC_00000900	3	3	1	0	0.809386973180077	0.983231157591055	0.887879551052662
GC_00000901	3	3	1	0	0.717304625199362	0.981315878811962	0.828793031746783
GC_00000902	3	3	1	0	0.663492063492063	0.875514403292181	0.754898527841974
GC_00000903	3	3	1	0	0.903939796370075	1.0	0.949546617065799
GC_00000904	3	3	1	0	0.774024024024024	1.0	0.872619551417689
GC_00000905	2	2	1	0	0.592198581560284	0.989501531606794	0.740951332798411
GC_00000906	2	2	1	0	0.957805907172996	1.0	0.978448275862069
GC_00000907	2	2	1	0	0.866666666666667	1.0	0.928571428571429
GC_00000908	2	2	1	0	0.633633633633634	0.971050074165005	0.766867618762651
GC_00000909	2	2	1	0	0.63098878695209	0.600788721661261	0.615518539743902
GC_00000910	2	2	1	0	0.625246548323471	0.63471786833856	0.629946609745198
GC_00000911	2	2	1	0	0.95578231292517	1.0	0.977391304347826
GC_00000912	2	2	1	0	0.845070422535211	1.0	0.916030534351145
GC_00000913	2	2	1	0	0.629908103592314	0.98288633461047	0.7677705880127
GC_00000914	2	2	1	0	0.625468164794007	0.974653084142133	0.761960353010134
GC_00000915	2	2	1	0	0.617117117117117	0.99109144778988	0.760622111342742
GC_00000916	2	2	1	0	0.746666666666667	0.511147308266299	0.606857078144925
GC_00000917	2	2	1	0	0.911111111111111	0.992647058823528	0.950133035790919
GC_00000918	2	2	1	0	0.682539682539683	0.629061576914339	0.654710394504735
GC_00000919	2	2	1	0	0.846715328467153	0.971935157041539	0.90501435245598
GC_00000920	2	2	1	0	0.703703703703704	0.994475138121548	0.824195686227257
GC_00000921	2	2	1	0	0.629276054097056	0.974554128042501	0.764748765833139
GC_00000922	2	2	1	0	0.686507936507937	0.982559339525284	0.808277526448464
GC_00000923	2	2	1	0	0.596651445966514	0.965303496939689	0.737472908372088
GC_00000924	2	2	1	0	0.663985701519214	0.964346440668893	0.78646392996291
GC_00000925	2	2	1	0	0.763513513513513	1.0	0.865900383141762
GC_00000926	2	2	1	0	0.742647058823529	0.933632498819085	0.827259899589948
GC_00000927	2	2	1	0	0.641414141414141	0.530201909267549	0.580529777158844
GC_00000928	2	2	1	0	0.60233918128655	0.519443970663484	0.557828766584317
GC_00000929	2	2	1	0	0.687074829931973	0.949560117302054	0.797268636122068
GC_00000930	2	2	1	0	0.619047619047619	0.955436720142603	0.751307348105019
GC_00000931	2	2	1	0	0.611111111111111	0.593455907981874	0.602154124384607
GC_00000932	2	2	1	0	0.629422718808194	0.978202125743109	0.765978012365227
GC_00000933	2	2	1	0	0.763120567375887	0.967554331190694	0.853263210550729
GC_00000934	2	2	1	0	0.92910447761194	1.0	0.963249516441006
GC_00000935	2	2	1	0	0.841121495327103	1.0	0.913705583756345
GC_00000936	2	2	1	0	0.735042735042735	0.545846394984327	0.62647174946987
GC_00000937	2	2	1	0	0.789029535864979	1.0	0.882075471698113
GC_00000938	2	2	1	0	0.761290322580645	0.993589743589745	0.862064902316593
GC_00000939	2	2	1	0	0.609075043630017	0.979645783769494	0.751142413696478
GC_00000940	2	2	1	0	0.75158867706528	0.99654875665597	0.85690603861932
GC_00000941	2	2	1	0	0.970464135021097	1.0	0.985010706638116
GC_00000942	2	2	1	0	0.717948717948718	0.975000000000001	0.826959485043544
GC_00000943	2	2	1	0	0.6331569664903	1.0	0.775377969762419
GC_00000944	2	2	1	0	0.557823129251701	0.895959595959596	0.687567649324806
GC_00000945	2	2	1	0	0.836139169472503	1.0	0.910757946210269
GC_00000946	2	2	1	0	0.678435444790585	0.989760572494375	0.805047664997155
GC_00000947	2	2	1	0	0.612244897959184	0.993243243243244	0.757536717340892
GC_00000948	2	2	1	0	0.991452991452991	0.790588235294117	0.879700266329617
GC_00000949	2	2	1	0	0.843137254901961	0.524635036496352	0.646802610754321
GC_00000950	2	2	1	0	0.829201101928375	0.964589641434263	0.891786064283741
GC_00000951	2	2	1	0	0.66304347826087	0.989247311827956	0.79394496710759
GC_00000952	2	2	1	0	0.669291338582677	0.960111187441162	0.788748135058798
GC_00000953	2	2	1	0	0.692857142857143	0.819540229885057	0.750893002551436
GC_00000954	2	2	1	0	0.90249433106576	1.0	0.948748510131108
GC_00000955	2	2	1	0	0.762962962962963	1.0	0.865546218487395
GC_00000956	2	2	1	0	0.861111111111111	1.0	0.925373134328358
GC_00000957	2	2	1	0	0.621495327102804	0.964391993803756	0.7558735223405
GC_00000958	2	2	1	0	0.565040650406504	0.530928720402403	0.547453820309316
GC_00000959	2	2	1	0	0.670542635658915	0.560011659408112	0.610313085094362
GC_00000960	2	2	1	0	0.766666666666667	0.743939393939395	0.755132062855233
GC_00000961	1	1	1	0	1.0	1.0	1.0
GC_00000962	1	1	1	0	1.0	1.0	1.0
GC_00000963	1	1	1	0	1.0	1.0	1.0
GC_00000964	1	1	1	0	1.0	1.0	1.0
GC_00000965	1	1	1	0	1.0	1.0	1.0
GC_00000966	1	1	1	0	1.0	1.0	1.0
GC_00000967	1	1	1	0	1.0	1.0	1.0
GC_00000968	1	1	1	0	1.0	1.0	1.0
GC_00000969	1	1	1	0	1.0	1.0	1.0
GC_00000970	1	1	1	0	1.0	1.0	1.0
GC_00000971	1	1	1	0	1.0	1.0	1.0
GC_00000972	1	1	1	0	1.0	1.0	1.0
GC_00000973	1	1	1	0	1.0	1.0	1.0
GC_00000974	1	1	1	0	1.0	1.0	1.0
GC_00000975	1	1	1	0	1.0	1.0	1.0
GC_00000976	1	1	1	0	1.0	1.0	1.0
GC_00000977	1	1	1	0	1.0	1.0	1.0
GC_00000978	1	1	1	0	1.0	1.0	1.0
GC_00000979	1	1	1	0	1.0	1.0	1.0
GC_00000980	1	1	1	0	1.0	1.0	1.0
GC_00000981	1	1	1	0	1.0	1.0	1.0
GC_00000982	1	1	1	0	1.0	1.0	1.0
GC_00000983	1	1	1	0	1.0	1.0	1.0
GC_00000984	1	1	1	0	1.0	1.0	1.0
GC_00000985	1	1	1	0	1.0	1.0	1.0
GC_00000986	1	1	1	0	1.0	1.0	1.0
GC_00000987	1	1	1	0	1.0	1.0	1.0
GC_00000988	1	1	1	0	1.0	1.0	1.0
GC_00000989	1	1	1	0	1.0	1.0	1.0
GC_00000990	1	1	1	0	1.0	1.0	1.0
GC_00000991	1	1	1	0	1.0	1.0	1.0
GC_00000992	1	1	1	0	1.0	1.0	1.0
GC_00000993	1	1	1	0	1.0	1.0	1.0
GC_00000994	1	1	1	0	1.0	1.0	1.0
GC_00000995	1	1	1	0	1.0	1.0	1.0
GC_00000996	1	1	1	0	1.0	1.0	1.0
GC_00000997	1	1	1	0	1.0	1.0	1.0
GC_00000998	1	1	1	0	1.0	1.0	1.0
GC_00000999	1	1	1	0	1.0	1.0	1.0
GC_00001000	1	1	1	0	1.0	1.0	1.0
GC_00001001	1	1	1	0	1.0	1.0	1.0
GC_00001002	1	1	1	0	1.0	1.0	1.0
GC_00001003	1	1	1	0	1.0	1.0	1.0
GC_00001004	1	1	1	0	1.0	1.0	1.0
GC_00001005	1	1	1	0	1.0	1.0	1.0
GC_00001006	1	1	1	0	1.0	1.0	1.0
GC_00001007	1	1	1	0	1.0	1.0	1.0
GC_00001008	1	1	1	0	1.0	1.0	1.0
GC_00001009	1	1	1	0	1.0	1.0	1.0
GC_00001010	1	1	1	0	1.0	1.0	1.0
GC_00001011	1	1	1	0	1.0	1.0	1.0
GC_00001012	1	1	1	0	1.0	1.0	1.0
GC_00001013	1	1	1	0	1.0	1.0	1.0
GC_00001014	1	1	1	0	1.0	1.0	1.0
GC_00001015	1	1	1	0	1.0	1.0	1.0
GC_00001016	1	1	1	0	1.0	1.0	1.0
GC_00001017	1	1	1	0	1.0	1.0	1.0
GC_00001018	1	1	1	0	1.0	1.0	1.0
GC_00001019	1	1	1	0	1.0	1.0	1.0
GC_00001020	1	1	1	0	1.0	1.0	1.0
GC_00001021	1	1	1	0	1.0	1.0	1.0
GC_00001022	1	1	1	0	1.0	1.0	1.0
GC_00001023	1	1	1	0	1.0	1.0	1.0
GC_00001024	1	1	1	0	1.0	1.0	1.0
GC_00001025	1	1	1	0	1.0	1.0	1.0
GC_00001026	1	1	1	0	1.0	1.0	1.0
GC_00001027	1	1	1	0	1.0	1.0	1.0
GC_00001028	1	1	1	0	1.0	1.0	1.0
GC_00001029	1	1	1	0	1.0	1.0	1.0
GC_00001030	1	1	1	0	1.0	1.0	1.0
GC_00001031	1	1	1	0	1.0	1.0	1.0
GC_00001032	1	1	1	0	1.0	1.0	1.0
GC_00001033	1	1	1	0	1.0	1.0	1.0
GC_00001034	1	1	1	0	1.0	1.0	1.0
GC_00001035	1	1	1	0	1.0	1.0	1.0
GC_00001036	1	1	1	0	1.0	1.0	1.0
GC_00001037	1	1	1	0	1.0	1.0	1.0
GC_00001038	1	1	1	0	1.0	1.0	1.0
GC_00001039	1	1	1	0	1.0	1.0	1.0
GC_00001040	1	1	1	0	1.0	1.0	1.0
GC_00001041	1	1	1	0	1.0	1.0	1.0
GC_00001042	1	1	1	0	1.0	1.0	1.0
GC_00001043	1	1	1	0	1.0	1.0	1.0
GC_00001044	1	1	1	0	1.0	1.0	1.0
GC_00001045	1	1	1	0	1.0	1.0	1.0
GC_00001046	1	1	1	0	1.0	1.0	1.0
GC_00001047	1	1	1	0	1.0	1.0	1.0
GC_00001048	1	1	1	0	1.0	1.0	1.0
GC_00001049	1	1	1	0	1.0	1.0	1.0
GC_00001050	1	1	1	0	1.0	1.0	1.0
GC_00001051	1	1	1	0	1.0	1.0	1.0
GC_00001052	1	1	1	0	1.0	1.0	1.0
GC_00001053	1	1	1	0	1.0	1.0	1.0
GC_00001054	1	1	1	0	1.0	1.0	1.0
GC_00001055	1	1	1	0	1.0	1.0	1.0
GC_00001056	1	1	1	0	1.0	1.0	1.0
GC_00001057	1	1	1	0	1.0	1.0	1.0
GC_00001058	1	1	1	0	1.0	1.0	1.0
GC_00001059	1	1	1	0	1.0	1.0	1.0
GC_00001060	1	1	1	0	1.0	1.0	1.0
GC_00001061	1	1	1	0	1.0	1.0	1.0
GC_00001062	1	1	1	0	1.0	1.0	1.0
GC_00001063	1	1	1	0	1.0	1.0	1.0
GC_00001064	1	1	1	0	1.0	1.0	1.0
GC_00001065	1	1	1	0	1.0	1.0	1.0
GC_00001066	1	1	1	0	1.0	1.0	1.0
GC_00001067	1	1	1	0	1.0	1.0	1.0
GC_00001068	1	1	1	0	1.0	1.0	1.0
GC_00001069	1	1	1	0	1.0	1.0	1.0
GC_00001070	1	1	1	0	1.0	1.0	1.0
GC_00001071	1	1	1	0	1.0	1.0	1.0
GC_00001072	1	1	1	0	1.0	1.0	1.0
GC_00001073	1	1	1	0	1.0	1.0	1.0
GC_00001074	1	1	1	0	1.0	1.0	1.0
GC_00001075	1	1	1	0	1.0	1.0	1.0
GC_00001076	1	1	1	0	1.0	1.0	1.0
GC_00001077	1	1	1	0	1.0	1.0	1.0
GC_00001078	1	1	1	0	1.0	1.0	1.0
GC_00001079	1	1	1	0	1.0	1.0	1.0
GC_00001080	1	1	1	0	1.0	1.0	1.0
GC_00001081	1	1	1	0	1.0	1.0	1.0
GC_00001082	1	1	1	0	1.0	1.0	1.0
GC_00001083	1	1	1	0	1.0	1.0	1.0
GC_00001084	1	1	1	0	1.0	1.0	1.0
GC_00001085	1	1	1	0	1.0	1.0	1.0
GC_00001086	1	1	1	0	1.0	1.0	1.0
GC_00001087	1	1	1	0	1.0	1.0	1.0
GC_00001088	1	1	1	0	1.0	1.0	1.0
GC_00001089	1	1	1	0	1.0	1.0	1.0
GC_00001090	1	1	1	0	1.0	1.0	1.0
GC_00001091	1	1	1	0	1.0	1.0	1.0
GC_00001092	1	1	1	0	1.0	1.0	1.0
GC_00001093	1	1	1	0	1.0	1.0	1.0
GC_00001094	1	1	1	0	1.0	1.0	1.0
GC_00001095	1	1	1	0	1.0	1.0	1.0
GC_00001096	1	1	1	0	1.0	1.0	1.0
GC_00001097	1	1	1	0	1.0	1.0	1.0
GC_00001098	1	1	1	0	1.0	1.0	1.0
GC_00001099	1	1	1	0	1.0	1.0	1.0
GC_00001100	1	1	1	0	1.0	1.0	1.0
GC_00001101	1	1	1	0	1.0	1.0	1.0
GC_00001102	1	1	1	0	1.0	1.0	1.0
GC_00001103	1	1	1	0	1.0	1.0	1.0
GC_00001104	1	1	1	0	1.0	1.0	1.0
GC_00001105	1	1	1	0	1.0	1.0	1.0
GC_00001106	1	1	1	0	1.0	1.0	1.0
GC_00001107	1	1	1	0	1.0	1.0	1.0
GC_00001108	1	1	1	0	1.0	1.0	1.0
GC_00001109	1	1	1	0	1.0	1.0	1.0
GC_00001110	1	1	1	0	1.0	1.0	1.0
GC_00001111	1	1	1	0	1.0	1.0	1.0
GC_00001112	1	1	1	0	1.0	1.0	1.0
GC_00001113	1	1	1	0	1.0	1.0	1.0
GC_00001114	1	1	1	0	1.0	1.0	1.0
GC_00001115	1	1	1	0	1.0	1.0	1.0
GC_00001116	1	1	1	0	1.0	1.0	1.0
GC_00001117	1	1	1	0	1.0	1.0	1.0
GC_00001118	1	1	1	0	1.0	1.0	1.0
GC_00001119	1	1	1	0	1.0	1.0	1.0
GC_00001120	1	1	1	0	1.0	1.0	1.0
GC_00001121	1	1	1	0	1.0	1.0	1.0
GC_00001122	1	1	1	0	1.0	1.0	1.0
GC_00001123	1	1	1	0	1.0	1.0	1.0
GC_00001124	1	1	1	0	1.0	1.0	1.0
GC_00001125	1	1	1	0	1.0	1.0	1.0
GC_00001126	1	1	1	0	1.0	1.0	1.0
GC_00001127	1	1	1	0	1.0	1.0	1.0
GC_00001128	1	1	1	0	1.0	1.0	1.0
GC_00001129	1	1	1	0	1.0	1.0	1.0
GC_00001130	1	1	1	0	1.0	1.0	1.0
GC_00001131	1	1	1	0	1.0	1.0	1.0
GC_00001132	1	1	1	0	1.0	1.0	1.0
GC_00001133	1	1	1	0	1.0	1.0	1.0
GC_00001134	1	1	1	0	1.0	1.0	1.0
GC_00001135	1	1	1	0	1.0	1.0	1.0
GC_00001136	1	1	1	0	1.0	1.0	1.0
GC_00001137	1	1	1	0	1.0	1.0	1.0
GC_00001138	1	1	1	0	1.0	1.0	1.0
GC_00001139	1	1	1	0	1.0	1.0	1.0
GC_00001140	1	1	1	0	1.0	1.0	1.0
GC_00001141	1	1	1	0	1.0	1.0	1.0
GC_00001142	1	1	1	0	1.0	1.0	1.0
GC_00001143	1	1	1	0	1.0	1.0	1.0
GC_00001144	1	1	1	0	1.0	1.0	1.0
GC_00001145	1	1	1	0	1.0	1.0	1.0
GC_00001146	1	1	1	0	1.0	1.0	1.0
GC_00001147	1	1	1	0	1.0	1.0	1.0
GC_00001148	1	1	1	0	1.0	1.0	1.0
GC_00001149	1	1	1	0	1.0	1.0	1.0
GC_00001150	1	1	1	0	1.0	1.0	1.0
GC_00001151	1	1	1	0	1.0	1.0	1.0
GC_00001152	1	1	1	0	1.0	1.0	1.0
GC_00001153	1	1	1	0	1.0	1.0	1.0
GC_00001154	1	1	1	0	1.0	1.0	1.0
GC_00001155	1	1	1	0	1.0	1.0	1.0
GC_00001156	1	1	1	0	1.0	1.0	1.0
GC_00001157	1	1	1	0	1.0	1.0	1.0
GC_00001158	1	1	1	0	1.0	1.0	1.0
GC_00001159	1	1	1	0	1.0	1.0	1.0
GC_00001160	1	1	1	0	1.0	1.0	1.0
GC_00001161	1	1	1	0	1.0	1.0	1.0
GC_00001162	1	1	1	0	1.0	1.0	1.0
GC_00001163	1	1	1	0	1.0	1.0	1.0
GC_00001164	1	1	1	0	1.0	1.0	1.0
GC_00001165	1	1	1	0	1.0	1.0	1.0
GC_00001166	1	1	1	0	1.0	1.0	1.0
GC_00001167	1	1	1	0	1.0	1.0	1.0
GC_00001168	1	1	1	0	1.0	1.0	1.0
GC_00001169	1	1	1	0	1.0	1.0	1.0
GC_00001170	1	1	1	0	1.0	1.0	1.0
GC_00001171	1	1	1	0	1.0	1.0	1.0
GC_00001172	1	1	1	0	1.0	1.0	1.0
GC_00001173	1	1	1	0	1.0	1.0	1.0
GC_00001174	1	1	1	0	1.0	1.0	1.0
GC_00001175	1	1	1	0	1.0	1.0	1.0
GC_00001176	1	1	1	0	1.0	1.0	1.0
GC_00001177	1	1	1	0	1.0	1.0	1.0
GC_00001178	1	1	1	0	1.0	1.0	1.0
GC_00001179	1	1	1	0	1.0	1.0	1.0
GC_00001180	1	1	1	0	1.0	1.0	1.0
GC_00001181	1	1	1	0	1.0	1.0	1.0
GC_00001182	1	1	1	0	1.0	1.0	1.0
GC_00001183	1	1	1	0	1.0	1.0	1.0
GC_00001184	1	1	1	0	1.0	1.0	1.0
GC_00001185	1	1	1	0	1.0	1.0	1.0
GC_00001186	1	1	1	0	1.0	1.0	1.0
GC_00001187	1	1	1	0	1.0	1.0	1.0
GC_00001188	1	1	1	0	1.0	1.0	1.0
GC_00001189	1	1	1	0	1.0	1.0	1.0
GC_00001190	1	1	1	0	1.0	1.0	1.0
GC_00001191	1	1	1	0	1.0	1.0	1.0
GC_00001192	1	1	1	0	1.0	1.0	1.0
GC_00001193	1	1	1	0	1.0	1.0	1.0
GC_00001194	1	1	1	0	1.0	1.0	1.0
GC_00001195	1	1	1	0	1.0	1.0	1.0
GC_00001196	1	1	1	0	1.0	1.0	1.0
GC_00001197	1	1	1	0	1.0	1.0	1.0
GC_00001198	1	1	1	0	1.0	1.0	1.0
GC_00001199	1	1	1	0	1.0	1.0	1.0
GC_00001200	1	1	1	0	1.0	1.0	1.0
GC_00001201	1	1	1	0	1.0	1.0	1.0
GC_00001202	1	1	1	0	1.0	1.0	1.0
GC_00001203	1	1	1	0	1.0	1.0	1.0
GC_00001204	1	1	1	0	1.0	1.0	1.0
GC_00001205	1	1	1	0	1.0	1.0	1.0
GC_00001206	1	1	1	0	1.0	1.0	1.0
GC_00001207	1	1	1	0	1.0	1.0	1.0
GC_00001208	1	1	1	0	1.0	1.0	1.0
GC_00001209	1	1	1	0	1.0	1.0	1.0
GC_00001210	1	1	1	0	1.0	1.0	1.0
GC_00001211	1	1	1	0	1.0	1.0	1.0
GC_00001212	1	1	1	0	1.0	1.0	1.0
GC_00001213	1	1	1	0	1.0	1.0	1.0
GC_00001214	1	1	1	0	1.0	1.0	1.0
GC_00001215	1	1	1	0	1.0	1.0	1.0
GC_00001216	1	1	1	0	1.0	1.0	1.0
GC_00001217	1	1	1	0	1.0	1.0	1.0
GC_00001218	1	1	1	0	1.0	1.0	1.0
GC_00001219	1	1	1	0	1.0	1.0	1.0
GC_00001220	1	1	1	0	1.0	1.0	1.0
GC_00001221	1	1	1	0	1.0	1.0	1.0
GC_00001222	1	1	1	0	1.0	1.0	1.0
GC_00001223	1	1	1	0	1.0	1.0	1.0
GC_00001224	1	1	1	0	1.0	1.0	1.0
GC_00001225	1	1	1	0	1.0	1.0	1.0
GC_00001226	1	1	1	0	1.0	1.0	1.0
GC_00001227	1	1	1	0	1.0	1.0	1.0
GC_00001228	1	1	1	0	1.0	1.0	1.0
GC_00001229	1	1	1	0	1.0	1.0	1.0
GC_00001230	1	1	1	0	1.0	1.0	1.0
GC_00001231	1	1	1	0	1.0	1.0	1.0
GC_00001232	1	1	1	0	1.0	1.0	1.0
GC_00001233	1	1	1	0	1.0	1.0	1.0
GC_00001234	1	1	1	0	1.0	1.0	1.0
GC_00001235	1	1	1	0	1.0	1.0	1.0
GC_00001236	1	1	1	0	1.0	1.0	1.0
GC_00001237	1	1	1	0	1.0	1.0	1.0
GC_00001238	1	1	1	0	1.0	1.0	1.0
GC_00001239	1	1	1	0	1.0	1.0	1.0
GC_00001240	1	1	1	0	1.0	1.0	1.0
GC_00001241	1	1	1	0	1.0	1.0	1.0
GC_00001242	1	1	1	0	1.0	1.0	1.0
GC_00001243	1	1	1	0	1.0	1.0	1.0
GC_00001244	1	1	1	0	1.0	1.0	1.0
GC_00001245	1	1	1	0	1.0	1.0	1.0
GC_00001246	1	1	1	0	1.0	1.0	1.0
GC_00001247	1	1	1	0	1.0	1.0	1.0
GC_00001248	1	1	1	0	1.0	1.0	1.0
GC_00001249	1	1	1	0	1.0	1.0	1.0
GC_00001250	1	1	1	0	1.0	1.0	1.0
GC_00001251	1	1	1	0	1.0	1.0	1.0
GC_00001252	1	1	1	0	1.0	1.0	1.0
GC_00001253	1	1	1	0	1.0	1.0	1.0
GC_00001254	1	1	1	0	1.0	1.0	1.0
GC_00001255	1	1	1	0	1.0	1.0	1.0
GC_00001256	1	1	1	0	1.0	1.0	1.0
GC_00001257	1	1	1	0	1.0	1.0	1.0
GC_00001258	1	1	1	0	1.0	1.0	1.0
GC_00001259	1	1	1	0	1.0	1.0	1.0
GC_00001260	1	1	1	0	1.0	1.0	1.0
GC_00001261	1	1	1	0	1.0	1.0	1.0
GC_00001262	1	1	1	0	1.0	1.0	1.0
GC_00001263	1	1	1	0	1.0	1.0	1.0
GC_00001264	1	1	1	0	1.0	1.0	1.0
GC_00001265	1	1	1	0	1.0	1.0	1.0
GC_00001266	1	1	1	0	1.0	1.0	1.0
GC_00001267	1	1	1	0	1.0	1.0	1.0
GC_00001268	1	1	1	0	1.0	1.0	1.0
GC_00001269	1	1	1	0	1.0	1.0	1.0
GC_00001270	1	1	1	0	1.0	1.0	1.0
GC_00001271	1	1	1	0	1.0	1.0	1.0
GC_00001272	1	1	1	0	1.0	1.0	1.0
GC_00001273	1	1	1	0	1.0	1.0	1.0
GC_00001274	1	1	1	0	1.0	1.0	1.0
GC_00001275	1	1	1	0	1.0	1.0	1.0
GC_00001276	1	1	1	0	1.0	1.0	1.0
GC_00001277	1	1	1	0	1.0	1.0	1.0
GC_00001278	1	1	1	0	1.0	1.0	1.0
GC_00001279	1	1	1	0	1.0	1.0	1.0
GC_00001280	1	1	1	0	1.0	1.0	1.0
GC_00001281	1	1	1	0	1.0	1.0	1.0
GC_00001282	1	1	1	0	1.0	1.0	1.0
GC_00001283	1	1	1	0	1.0	1.0	1.0
GC_00001284	1	1	1	0	1.0	1.0	1.0
GC_00001285	1	1	1	0	1.0	1.0	1.0
GC_00001286	1	1	1	0	1.0	1.0	1.0
GC_00001287	1	1	1	0	1.0	1.0	1.0
GC_00001288	1	1	1	0	1.0	1.0	1.0
GC_00001289	1	1	1	0	1.0	1.0	1.0
GC_00001290	1	1	1	0	1.0	1.0	1.0
GC_00001291	1	1	1	0	1.0	1.0	1.0
GC_00001292	1	1	1	0	1.0	1.0	1.0
GC_00001293	1	1	1	0	1.0	1.0	1.0
GC_00001294	1	1	1	0	1.0	1.0	1.0
GC_00001295	1	1	1	0	1.0	1.0	1.0
GC_00001296	1	1	1	0	1.0	1.0	1.0
GC_00001297	1	1	1	0	1.0	1.0	1.0
GC_00001298	1	1	1	0	1.0	1.0	1.0
GC_00001299	1	1	1	0	1.0	1.0	1.0
GC_00001300	1	1	1	0	1.0	1.0	1.0
GC_00001301	1	1	1	0	1.0	1.0	1.0
GC_00001302	1	1	1	0	1.0	1.0	1.0
GC_00001303	1	1	1	0	1.0	1.0	1.0
GC_00001304	1	1	1	0	1.0	1.0	1.0
GC_00001305	1	1	1	0	1.0	1.0	1.0
GC_00001306	1	1	1	0	1.0	1.0	1.0
GC_00001307	1	1	1	0	1.0	1.0	1.0
GC_00001308	1	1	1	0	1.0	1.0	1.0
GC_00001309	1	1	1	0	1.0	1.0	1.0
GC_00001310	1	1	1	0	1.0	1.0	1.0
GC_00001311	1	1	1	0	1.0	1.0	1.0
GC_00001312	1	1	1	0	1.0	1.0	1.0
GC_00001313	1	1	1	0	1.0	1.0	1.0
GC_00001314	1	1	1	0	1.0	1.0	1.0
GC_00001315	1	1	1	0	1.0	1.0	1.0
GC_00001316	1	1	1	0	1.0	1.0	1.0
GC_00001317	1	1	1	0	1.0	1.0	1.0
GC_00001318	1	1	1	0	1.0	1.0	1.0
GC_00001319	1	1	1	0	1.0	1.0	1.0
GC_00001320	1	1	1	0	1.0	1.0	1.0
GC_00001321	1	1	1	0	1.0	1.0	1.0
GC_00001322	1	1	1	0	1.0	1.0	1.0
GC_00001323	1	1	1	0	1.0	1.0	1.0
GC_00001324	1	1	1	0	1.0	1.0	1.0
GC_00001325	1	1	1	0	1.0	1.0	1.0
GC_00001326	1	1	1	0	1.0	1.0	1.0
GC_00001327	1	1	1	0	1.0	1.0	1.0
GC_00001328	1	1	1	0	1.0	1.0	1.0
GC_00001329	1	1	1	0	1.0	1.0	1.0
GC_00001330	1	1	1	0	1.0	1.0	1.0
GC_00001331	1	1	1	0	1.0	1.0	1.0
GC_00001332	1	1	1	0	1.0	1.0	1.0
GC_00001333	1	1	1	0	1.0	1.0	1.0
GC_00001334	1	1	1	0	1.0	1.0	1.0
GC_00001335	1	1	1	0	1.0	1.0	1.0
GC_00001336	1	1	1	0	1.0	1.0	1.0
GC_00001337	1	1	1	0	1.0	1.0	1.0
GC_00001338	1	1	1	0	1.0	1.0	1.0
GC_00001339	1	1	1	0	1.0	1.0	1.0
GC_00001340	1	1	1	0	1.0	1.0	1.0
GC_00001341	1	1	1	0	1.0	1.0	1.0
GC_00001342	1	1	1	0	1.0	1.0	1.0
GC_00001343	1	1	1	0	1.0	1.0	1.0
GC_00001344	1	1	1	0	1.0	1.0	1.0
GC_00001345	1	1	1	0	1.0	1.0	1.0
GC_00001346	1	1	1	0	1.0	1.0	1.0
GC_00001347	1	1	1	0	1.0	1.0	1.0
GC_00001348	1	1	1	0	1.0	1.0	1.0
GC_00001349	1	1	1	0	1.0	1.0	1.0
GC_00001350	1	1	1	0	1.0	1.0	1.0
GC_00001351	1	1	1	0	1.0	1.0	1.0
GC_00001352	1	1	1	0	1.0	1.0	1.0
GC_00001353	1	1	1	0	1.0	1.0	1.0
GC_00001354	1	1	1	0	1.0	1.0	1.0
GC_00001355	1	1	1	0	1.0	1.0	1.0
GC_00001356	1	1	1	0	1.0	1.0	1.0
GC_00001357	1	1	1	0	1.0	1.0	1.0
GC_00001358	1	1	1	0	1.0	1.0	1.0
GC_00001359	1	1	1	0	1.0	1.0	1.0
GC_00001360	1	1	1	0	1.0	1.0	1.0
GC_00001361	1	1	1	0	1.0	1.0	1.0
GC_00001362	1	1	1	0	1.0	1.0	1.0
GC_00001363	1	1	1	0	1.0	1.0	1.0
GC_00001364	1	1	1	0	1.0	1.0	1.0
GC_00001365	1	1	1	0	1.0	1.0	1.0
GC_00001366	1	1	1	0	1.0	1.0	1.0
GC_00001367	1	1	1	0	1.0	1.0	1.0
GC_00001368	1	1	1	0	1.0	1.0	1.0
GC_00001369	1	1	1	0	1.0	1.0	1.0
GC_00001370	1	1	1	0	1.0	1.0	1.0
GC_00001371	1	1	1	0	1.0	1.0	1.0
GC_00001372	1	1	1	0	1.0	1.0	1.0
GC_00001373	1	1	1	0	1.0	1.0	1.0
GC_00001374	1	1	1	0	1.0	1.0	1.0
GC_00001375	1	1	1	0	1.0	1.0	1.0
GC_00001376	1	1	1	0	1.0	1.0	1.0
GC_00001377	1	1	1	0	1.0	1.0	1.0
GC_00001378	1	1	1	0	1.0	1.0	1.0
GC_00001379	1	1	1	0	1.0	1.0	1.0
GC_00001380	1	1	1	0	1.0	1.0	1.0
GC_00001381	1	1	1	0	1.0	1.0	1.0
GC_00001382	1	1	1	0	1.0	1.0	1.0
GC_00001383	1	1	1	0	1.0	1.0	1.0
GC_00001384	1	1	1	0	1.0	1.0	1.0
GC_00001385	1	1	1	0	1.0	1.0	1.0
GC_00001386	1	1	1	0	1.0	1.0	1.0
GC_00001387	1	1	1	0	1.0	1.0	1.0
GC_00001388	1	1	1	0	1.0	1.0	1.0
GC_00001389	1	1	1	0	1.0	1.0	1.0
GC_00001390	1	1	1	0	1.0	1.0	1.0
GC_00001391	1	1	1	0	1.0	1.0	1.0
GC_00001392	1	1	1	0	1.0	1.0	1.0
GC_00001393	1	1	1	0	1.0	1.0	1.0
GC_00001394	1	1	1	0	1.0	1.0	1.0
GC_00001395	1	1	1	0	1.0	1.0	1.0
GC_00001396	1	1	1	0	1.0	1.0	1.0
GC_00001397	1	1	1	0	1.0	1.0	1.0
GC_00001398	1	1	1	0	1.0	1.0	1.0
GC_00001399	1	1	1	0	1.0	1.0	1.0
GC_00001400	1	1	1	0	1.0	1.0	1.0
GC_00001401	1	1	1	0	1.0	1.0	1.0
GC_00001402	1	1	1	0	1.0	1.0	1.0
GC_00001403	1	1	1	0	1.0	1.0	1.0
GC_00001404	1	1	1	0	1.0	1.0	1.0
GC_00001405	1	1	1	0	1.0	1.0	1.0
GC_00001406	1	1	1	0	1.0	1.0	1.0
GC_00001407	1	1	1	0	1.0	1.0	1.0
GC_00001408	1	1	1	0	1.0	1.0	1.0
GC_00001409	1	1	1	0	1.0	1.0	1.0
GC_00001410	1	1	1	0	1.0	1.0	1.0
GC_00001411	1	1	1	0	1.0	1.0	1.0
GC_00001412	1	1	1	0	1.0	1.0	1.0
GC_00001413	1	1	1	0	1.0	1.0	1.0
GC_00001414	1	1	1	0	1.0	1.0	1.0
GC_00001415	1	1	1	0	1.0	1.0	1.0
GC_00001416	1	1	1	0	1.0	1.0	1.0
GC_00001417	1	1	1	0	1.0	1.0	1.0
GC_00001418	1	1	1	0	1.0	1.0	1.0
GC_00001419	1	1	1	0	1.0	1.0	1.0
GC_00001420	1	1	1	0	1.0	1.0	1.0
GC_00001421	1	1	1	0	1.0	1.0	1.0
GC_00001422	1	1	1	0	1.0	1.0	1.0
GC_00001423	1	1	1	0	1.0	1.0	1.0
GC_00001424	1	1	1	0	1.0	1.0	1.0
GC_00001425	1	1	1	0	1.0	1.0	1.0
GC_00001426	1	1	1	0	1.0	1.0	1.0
GC_00001427	1	1	1	0	1.0	1.0	1.0
GC_00001428	1	1	1	0	1.0	1.0	1.0
GC_00001429	1	1	1	0	1.0	1.0	1.0
GC_00001430	1	1	1	0	1.0	1.0	1.0
GC_00001431	1	1	1	0	1.0	1.0	1.0
GC_00001432	1	1	1	0	1.0	1.0	1.0
GC_00001433	1	1	1	0	1.0	1.0	1.0
GC_00001434	1	1	1	0	1.0	1.0	1.0
GC_00001435	1	1	1	0	1.0	1.0	1.0
GC_00001436	1	1	1	0	1.0	1.0	1.0
GC_00001437	1	1	1	0	1.0	1.0	1.0
GC_00001438	1	1	1	0	1.0	1.0	1.0
GC_00001439	1	1	1	0	1.0	1.0	1.0
GC_00001440	1	1	1	0	1.0	1.0	1.0
GC_00001441	1	1	1	0	1.0	1.0	1.0
GC_00001442	1	1	1	0	1.0	1.0	1.0
GC_00001443	1	1	1	0	1.0	1.0	1.0
GC_00001444	1	1	1	0	1.0	1.0	1.0
GC_00001445	1	1	1	0	1.0	1.0	1.0
GC_00001446	1	1	1	0	1.0	1.0	1.0
GC_00001447	1	1	1	0	1.0	1.0	1.0
GC_00001448	1	1	1	0	1.0	1.0	1.0
GC_00001449	1	1	1	0	1.0	1.0	1.0
GC_00001450	1	1	1	0	1.0	1.0	1.0
GC_00001451	1	1	1	0	1.0	1.0	1.0
GC_00001452	1	1	1	0	1.0	1.0	1.0
GC_00001453	1	1	1	0	1.0	1.0	1.0
GC_00001454	1	1	1	0	1.0	1.0	1.0
GC_00001455	1	1	1	0	1.0	1.0	1.0
GC_00001456	1	1	1	0	1.0	1.0	1.0
GC_00001457	1	1	1	0	1.0	1.0	1.0
GC_00001458	1	1	1	0	1.0	1.0	1.0
GC_00001459	1	1	1	0	1.0	1.0	1.0
GC_00001460	1	1	1	0	1.0	1.0	1.0
GC_00001461	1	1	1	0	1.0	1.0	1.0
GC_00001462	1	1	1	0	1.0	1.0	1.0
GC_00001463	1	1	1	0	1.0	1.0	1.0
GC_00001464	1	1	1	0	1.0	1.0	1.0
GC_00001465	1	1	1	0	1.0	1.0	1.0
GC_00001466	1	1	1	0	1.0	1.0	1.0
GC_00001467	1	1	1	0	1.0	1.0	1.0
GC_00001468	1	1	1	0	1.0	1.0	1.0
GC_00001469	1	1	1	0	1.0	1.0	1.0
GC_00001470	1	1	1	0	1.0	1.0	1.0
GC_00001471	1	1	1	0	1.0	1.0	1.0
GC_00001472	1	1	1	0	1.0	1.0	1.0
GC_00001473	1	1	1	0	1.0	1.0	1.0
GC_00001474	1	1	1	0	1.0	1.0	1.0
GC_00001475	1	1	1	0	1.0	1.0	1.0
GC_00001476	1	1	1	0	1.0	1.0	1.0
GC_00001477	1	1	1	0	1.0	1.0	1.0
GC_00001478	1	1	1	0	1.0	1.0	1.0
GC_00001479	1	1	1	0	1.0	1.0	1.0
GC_00001480	1	1	1	0	1.0	1.0	1.0
GC_00001481	1	1	1	0	1.0	1.0	1.0
GC_00001482	1	1	1	0	1.0	1.0	1.0
GC_00001483	1	1	1	0	1.0	1.0	1.0
GC_00001484	1	1	1	0	1.0	1.0	1.0
GC_00001485	1	1	1	0	1.0	1.0	1.0
GC_00001486	1	1	1	0	1.0	1.0	1.0
GC_00001487	1	1	1	0	1.0	1.0	1.0
GC_00001488	1	1	1	0	1.0	1.0	1.0
GC_00001489	1	1	1	0	1.0	1.0	1.0
GC_00001490	1	1	1	0	1.0	1.0	1.0
GC_00001491	1	1	1	0	1.0	1.0	1.0
GC_00001492	1	1	1	0	1.0	1.0	1.0
GC_00001493	1	1	1	0	1.0	1.0	1.0
GC_00001494	1	1	1	0	1.0	1.0	1.0
GC_00001495	1	1	1	0	1.0	1.0	1.0
GC_00001496	1	1	1	0	1.0	1.0	1.0
GC_00001497	1	1	1	0	1.0	1.0	1.0
GC_00001498	1	1	1	0	1.0	1.0	1.0
GC_00001499	1	1	1	0	1.0	1.0	1.0
GC_00001500	1	1	1	0	1.0	1.0	1.0
GC_00001501	1	1	1	0	1.0	1.0	1.0
GC_00001502	1	1	1	0	1.0	1.0	1.0
GC_00001503	1	1	1	0	1.0	1.0	1.0
GC_00001504	1	1	1	0	1.0	1.0	1.0
GC_00001505	1	1	1	0	1.0	1.0	1.0
GC_00001506	1	1	1	0	1.0	1.0	1.0
GC_00001507	1	1	1	0	1.0	1.0	1.0
GC_00001508	1	1	1	0	1.0	1.0	1.0
GC_00001509	1	1	1	0	1.0	1.0	1.0
GC_00001510	1	1	1	0	1.0	1.0	1.0
GC_00001511	1	1	1	0	1.0	1.0	1.0
GC_00001512	1	1	1	0	1.0	1.0	1.0
GC_00001513	1	1	1	0	1.0	1.0	1.0
GC_00001514	1	1	1	0	1.0	1.0	1.0
GC_00001515	1	1	1	0	1.0	1.0	1.0
GC_00001516	1	1	1	0	1.0	1.0	1.0
GC_00001517	1	1	1	0	1.0	1.0	1.0
GC_00001518	1	1	1	0	1.0	1.0	1.0
GC_00001519	1	1	1	0	1.0	1.0	1.0
GC_00001520	1	1	1	0	1.0	1.0	1.0
GC_00001521	1	1	1	0	1.0	1.0	1.0
GC_00001522	1	1	1	0	1.0	1.0	1.0
GC_00001523	1	1	1	0	1.0	1.0	1.0
GC_00001524	1	1	1	0	1.0	1.0	1.0
GC_00001525	1	1	1	0	1.0	1.0	1.0
GC_00001526	1	1	1	0	1.0	1.0	1.0
GC_00001527	1	1	1	0	1.0	1.0	1.0
GC_00001528	1	1	1	0	1.0	1.0	1.0
GC_00001529	1	1	1	0	1.0	1.0	1.0
GC_00001530	1	1	1	0	1.0	1.0	1.0
GC_00001531	1	1	1	0	1.0	1.0	1.0
GC_00001532	1	1	1	0	1.0	1.0	1.0
GC_00001533	1	1	1	0	1.0	1.0	1.0
GC_00001534	1	1	1	0	1.0	1.0	1.0
GC_00001535	1	1	1	0	1.0	1.0	1.0
GC_00001536	1	1	1	0	1.0	1.0	1.0
GC_00001537	1	1	1	0	1.0	1.0	1.0
GC_00001538	1	1	1	0	1.0	1.0	1.0
GC_00001539	1	1	1	0	1.0	1.0	1.0
GC_00001540	1	1	1	0	1.0	1.0	1.0
GC_00001541	1	1	1	0	1.0	1.0	1.0
GC_00001542	1	1	1	0	1.0	1.0	1.0
GC_00001543	1	1	1	0	1.0	1.0	1.0
GC_00001544	1	1	1	0	1.0	1.0	1.0
GC_00001545	1	1	1	0	1.0	1.0	1.0
GC_00001546	1	1	1	0	1.0	1.0	1.0
GC_00001547	1	1	1	0	1.0	1.0	1.0
GC_00001548	1	1	1	0	1.0	1.0	1.0
GC_00001549	1	1	1	0	1.0	1.0	1.0
GC_00001550	1	1	1	0	1.0	1.0	1.0
GC_00001551	1	1	1	0	1.0	1.0	1.0
GC_00001552	1	1	1	0	1.0	1.0	1.0
GC_00001553	1	1	1	0	1.0	1.0	1.0
GC_00001554	1	1	1	0	1.0	1.0	1.0
GC_00001555	1	1	1	0	1.0	1.0	1.0
GC_00001556	1	1	1	0	1.0	1.0	1.0
GC_00001557	1	1	1	0	1.0	1.0	1.0
GC_00001558	1	1	1	0	1.0	1.0	1.0
GC_00001559	1	1	1	0	1.0	1.0	1.0
GC_00001560	1	1	1	0	1.0	1.0	1.0
GC_00001561	1	1	1	0	1.0	1.0	1.0
GC_00001562	1	1	1	0	1.0	1.0	1.0
GC_00001563	1	1	1	0	1.0	1.0	1.0
GC_00001564	1	1	1	0	1.0	1.0	1.0
GC_00001565	1	1	1	0	1.0	1.0	1.0
GC_00001566	1	1	1	0	1.0	1.0	1.0
GC_00001567	1	1	1	0	1.0	1.0	1.0
GC_00001568	1	1	1	0	1.0	1.0	1.0
GC_00001569	1	1	1	0	1.0	1.0	1.0
GC_00001570	1	1	1	0	1.0	1.0	1.0
GC_00001571	1	1	1	0	1.0	1.0	1.0
GC_00001572	1	1	1	0	1.0	1.0	1.0
GC_00001573	1	1	1	0	1.0	1.0	1.0
GC_00001574	1	1	1	0	1.0	1.0	1.0
GC_00001575	1	1	1	0	1.0	1.0	1.0
GC_00001576	1	1	1	0	1.0	1.0	1.0
GC_00001577	1	1	1	0	1.0	1.0	1.0
GC_00001578	1	1	1	0	1.0	1.0	1.0
GC_00001579	1	1	1	0	1.0	1.0	1.0
GC_00001580	1	1	1	0	1.0	1.0	1.0
GC_00001581	1	1	1	0	1.0	1.0	1.0
GC_00001582	1	1	1	0	1.0	1.0	1.0
GC_00001583	1	1	1	0	1.0	1.0	1.0
GC_00001584	1	1	1	0	1.0	1.0	1.0
GC_00001585	1	1	1	0	1.0	1.0	1.0
GC_00001586	1	1	1	0	1.0	1.0	1.0
GC_00001587	1	1	1	0	1.0	1.0	1.0
GC_00001588	1	1	1	0	1.0	1.0	1.0
GC_00001589	1	1	1	0	1.0	1.0	1.0
GC_00001590	1	1	1	0	1.0	1.0	1.0
GC_00001591	1	1	1	0	1.0	1.0	1.0
GC_00001592	1	1	1	0	1.0	1.0	1.0
GC_00001593	1	1	1	0	1.0	1.0	1.0
GC_00001594	1	1	1	0	1.0	1.0	1.0
GC_00001595	1	1	1	0	1.0	1.0	1.0
GC_00001596	1	1	1	0	1.0	1.0	1.0
GC_00001597	1	1	1	0	1.0	1.0	1.0
GC_00001598	1	1	1	0	1.0	1.0	1.0
GC_00001599	1	1	1	0	1.0	1.0	1.0
GC_00001600	1	1	1	0	1.0	1.0	1.0
GC_00001601	1	1	1	0	1.0	1.0	1.0
GC_00001602	1	1	1	0	1.0	1.0	1.0
GC_00001603	1	1	1	0	1.0	1.0	1.0
GC_00001604	1	1	1	0	1.0	1.0	1.0
GC_00001605	1	1	1	0	1.0	1.0	1.0
GC_00001606	1	1	1	0	1.0	1.0	1.0
GC_00001607	1	1	1	0	1.0	1.0	1.0
GC_00001608	1	1	1	0	1.0	1.0	1.0
GC_00001609	1	1	1	0	1.0	1.0	1.0
GC_00001610	1	1	1	0	1.0	1.0	1.0
GC_00001611	1	1	1	0	1.0	1.0	1.0
GC_00001612	1	1	1	0	1.0	1.0	1.0
GC_00001613	1	1	1	0	1.0	1.0	1.0
GC_00001614	1	1	1	0	1.0	1.0	1.0
GC_00001615	1	1	1	0	1.0	1.0	1.0
GC_00001616	1	1	1	0	1.0	1.0	1.0
GC_00001617	1	1	1	0	1.0	1.0	1.0
GC_00001618	1	1	1	0	1.0	1.0	1.0
GC_00001619	1	1	1	0	1.0	1.0	1.0
GC_00001620	1	1	1	0	1.0	1.0	1.0
GC_00001621	1	1	1	0	1.0	1.0	1.0
GC_00001622	1	1	1	0	1.0	1.0	1.0
GC_00001623	1	1	1	0	1.0	1.0	1.0
GC_00001624	1	1	1	0	1.0	1.0	1.0
GC_00001625	1	1	1	0	1.0	1.0	1.0
GC_00001626	1	1	1	0	1.0	1.0	1.0
GC_00001627	1	1	1	0	1.0	1.0	1.0
GC_00001628	1	1	1	0	1.0	1.0	1.0
GC_00001629	1	1	1	0	1.0	1.0	1.0
GC_00001630	1	1	1	0	1.0	1.0	1.0
GC_00001631	1	1	1	0	1.0	1.0	1.0
GC_00001632	1	1	1	0	1.0	1.0	1.0
GC_00001633	1	1	1	0	1.0	1.0	1.0
GC_00001634	1	1	1	0	1.0	1.0	1.0
GC_00001635	1	1	1	0	1.0	1.0	1.0
GC_00001636	1	1	1	0	1.0	1.0	1.0
GC_00001637	1	1	1	0	1.0	1.0	1.0
GC_00001638	1	1	1	0	1.0	1.0	1.0
GC_00001639	1	1	1	0	1.0	1.0	1.0
GC_00001640	1	1	1	0	1.0	1.0	1.0
GC_00001641	1	1	1	0	1.0	1.0	1.0
GC_00001642	1	1	1	0	1.0	1.0	1.0
GC_00001643	1	1	1	0	1.0	1.0	1.0
GC_00001644	1	1	1	0	1.0	1.0	1.0
GC_00001645	1	1	1	0	1.0	1.0	1.0
GC_00001646	1	1	1	0	1.0	1.0	1.0
GC_00001647	1	1	1	0	1.0	1.0	1.0
GC_00001648	1	1	1	0	1.0	1.0	1.0
GC_00001649	1	1	1	0	1.0	1.0	1.0
GC_00001650	1	1	1	0	1.0	1.0	1.0
GC_00001651	1	1	1	0	1.0	1.0	1.0
GC_00001652	1	1	1	0	1.0	1.0	1.0
GC_00001653	1	1	1	0	1.0	1.0	1.0
GC_00001654	1	1	1	0	1.0	1.0	1.0
GC_00001655	1	1	1	0	1.0	1.0	1.0
GC_00001656	1	1	1	0	1.0	1.0	1.0
GC_00001657	1	1	1	0	1.0	1.0	1.0
GC_00001658	1	1	1	0	1.0	1.0	1.0
GC_00001659	1	1	1	0	1.0	1.0	1.0
GC_00001660	1	1	1	0	1.0	1.0	1.0
GC_00001661	1	1	1	0	1.0	1.0	1.0
GC_00001662	1	1	1	0	1.0	1.0	1.0
GC_00001663	1	1	1	0	1.0	1.0	1.0
GC_00001664	1	1	1	0	1.0	1.0	1.0
GC_00001665	1	1	1	0	1.0	1.0	1.0
GC_00001666	1	1	1	0	1.0	1.0	1.0
GC_00001667	1	1	1	0	1.0	1.0	1.0
GC_00001668	1	1	1	0	1.0	1.0	1.0
GC_00001669	1	1	1	0	1.0	1.0	1.0
GC_00001670	1	1	1	0	1.0	1.0	1.0
GC_00001671	1	1	1	0	1.0	1.0	1.0
GC_00001672	1	1	1	0	1.0	1.0	1.0
GC_00001673	1	1	1	0	1.0	1.0	1.0
GC_00001674	1	1	1	0	1.0	1.0	1.0
GC_00001675	1	1	1	0	1.0	1.0	1.0
GC_00001676	1	1	1	0	1.0	1.0	1.0
GC_00001677	1	1	1	0	1.0	1.0	1.0
GC_00001678	1	1	1	0	1.0	1.0	1.0
GC_00001679	1	1	1	0	1.0	1.0	1.0
GC_00001680	1	1	1	0	1.0	1.0	1.0
GC_00001681	1	1	1	0	1.0	1.0	1.0
GC_00001682	1	1	1	0	1.0	1.0	1.0
GC_00001683	1	1	1	0	1.0	1.0	1.0
GC_00001684	1	1	1	0	1.0	1.0	1.0
GC_00001685	1	1	1	0	1.0	1.0	1.0
GC_00001686	1	1	1	0	1.0	1.0	1.0
GC_00001687	1	1	1	0	1.0	1.0	1.0
GC_00001688	1	1	1	0	1.0	1.0	1.0
GC_00001689	1	1	1	0	1.0	1.0	1.0
GC_00001690	1	1	1	0	1.0	1.0	1.0
GC_00001691	1	1	1	0	1.0	1.0	1.0
GC_00001692	1	1	1	0	1.0	1.0	1.0
GC_00001693	1	1	1	0	1.0	1.0	1.0
GC_00001694	1	1	1	0	1.0	1.0	1.0
GC_00001695	1	1	1	0	1.0	1.0	1.0
GC_00001696	1	1	1	0	1.0	1.0	1.0
GC_00001697	1	1	1	0	1.0	1.0	1.0
GC_00001698	1	1	1	0	1.0	1.0	1.0
GC_00001699	1	1	1	0	1.0	1.0	1.0
GC_00001700	1	1	1	0	1.0	1.0	1.0
GC_00001701	1	1	1	0	1.0	1.0	1.0
GC_00001702	1	1	1	0	1.0	1.0	1.0
GC_00001703	1	1	1	0	1.0	1.0	1.0
GC_00001704	1	1	1	0	1.0	1.0	1.0
GC_00001705	1	1	1	0	1.0	1.0	1.0
GC_00001706	1	1	1	0	1.0	1.0	1.0
GC_00001707	1	1	1	0	1.0	1.0	1.0
GC_00001708	1	1	1	0	1.0	1.0	1.0
GC_00001709	1	1	1	0	1.0	1.0	1.0
GC_00001710	1	1	1	0	1.0	1.0	1.0
GC_00001711	1	1	1	0	1.0	1.0	1.0
GC_00001712	1	1	1	0	1.0	1.0	1.0
GC_00001713	1	1	1	0	1.0	1.0	1.0
GC_00001714	1	1	1	0	1.0	1.0	1.0
GC_00001715	1	1	1	0	1.0	1.0	1.0
GC_00001716	1	1	1	0	1.0	1.0	1.0
GC_00001717	1	1	1	0	1.0	1.0	1.0
GC_00001718	1	1	1	0	1.0	1.0	1.0
GC_00001719	1	1	1	0	1.0	1.0	1.0
GC_00001720	1	1	1	0	1.0	1.0	1.0
GC_00001721	1	1	1	0	1.0	1.0	1.0
GC_00001722	1	1	1	0	1.0	1.0	1.0
GC_00001723	1	1	1	0	1.0	1.0	1.0
GC_00001724	1	1	1	0	1.0	1.0	1.0
GC_00001725	1	1	1	0	1.0	1.0	1.0
GC_00001726	1	1	1	0	1.0	1.0	1.0
GC_00001727	1	1	1	0	1.0	1.0	1.0
GC_00001728	1	1	1	0	1.0	1.0	1.0
GC_00001729	1	1	1	0	1.0	1.0	1.0
GC_00001730	1	1	1	0	1.0	1.0	1.0
GC_00001731	1	1	1	0	1.0	1.0	1.0
GC_00001732	1	1	1	0	1.0	1.0	1.0
GC_00001733	1	1	1	0	1.0	1.0	1.0
GC_00001734	1	1	1	0	1.0	1.0	1.0
GC_00001735	1	1	1	0	1.0	1.0	1.0
GC_00001736	1	1	1	0	1.0	1.0	1.0
GC_00001737	1	1	1	0	1.0	1.0	1.0
